cam0:
  cam_overlaps: [1]
  camera_model: pinhole
  distortion_coeffs: [0.014940670767047744, -0.004839561248076046, -0.00100571189716475, 0.00282766468936359]
  distortion_model: radtan
  intrinsics: [387.7393479643833, 387.90330084990177, 323.22455000335424, 239.99773535687646]
  resolution: [640, 480]
  rostopic: /camera/camera/infra1/image_rect_raw
cam1:
  T_cn_cnm1:
  - [0.9999632833841307, 0.0003901962192616826, 0.008560352242790737, -0.04989243978579375]
  - [-0.00037812514821012385, 0.999998932080038, -0.0014116869827665909, -1.6735276839055384e-05]
  - [-0.008560893935943231, 0.001408398265937394, 0.9999623630463916, 3.0109664181537533e-05]
  - [0.0, 0.0, 0.0, 1.0]
  cam_overlaps: [0]
  camera_model: pinhole
  distortion_coeffs: [0.01839345204765405, -0.008529124596614946, -0.0009112556003527015, 0.0022168063306052042]
  distortion_model: radtan
  intrinsics: [388.27546681632145, 388.0252070118324, 320.33991509347624, 240.6148273326411]
  resolution: [640, 480]
  rostopic: /camera/camera/infra2/image_rect_raw
