cam0:
  cam_overlaps: [1]
  camera_model: pinhole
  distortion_coeffs: [0.03419681334888019, 0.022973718308438012, 0.00197394712612627, 0.0010216609371098192]
  distortion_model: radtan
  intrinsics: [382.16267862725243, 380.8712308422184, 327.2053997133069, 241.25522355942337]
  resolution: [640, 480]
  rostopic: /camera/camera/infra1/image_rect_raw
cam1:
  T_cn_cnm1:
  - [0.9998320023757586, -0.000772918210197065, 0.018313099756449933, -0.04985932570926995]
  - [0.0008176585219998302, 0.999996699357167, -0.002435715353151463, -5.483842546785085e-05]
  - [-0.018311156702697454, 0.0024502800208389386, 0.9998293342706029, 0.00036373896871256134]
  - [0.0, 0.0, 0.0, 1.0]
  cam_overlaps: [0]
  camera_model: pinhole
  distortion_coeffs: [0.03672014192136122, -0.001876272806743116, 0.002599782677664708, 0.0014812434184378494]
  distortion_model: radtan
  intrinsics: [382.3097047771611, 381.06337025907686, 320.267501168262, 241.70101347358377]
  resolution: [640, 480]
  rostopic: /camera/camera/infra2/image_rect_raw
