cam0:
  cam_overlaps: [1]
  camera_model: pinhole
  distortion_coeffs: [0.028520306842241945, 0.014388547735766954, -0.004998845403406922, 0.005403807923604154]
  distortion_model: radtan
  intrinsics: [405.3029774092598, 404.5480199573722, 331.75454887261304, 234.66503989305727]
  resolution: [640, 480]
  rostopic: /camera/camera/infra1/image_rect_raw
cam1:
  T_cn_cnm1:
  - [0.9998463313838792, 0.0012879383605632806, 0.017482986957427785, -0.04957203569461644]
  - [-0.0012705744465849793, 0.9999986885498915, -0.0010042604488030285, 0.0002089276255684633]
  - [-0.01748425745491886, 0.0009818926890115616, 0.999846656556881, 0.0011506065984255149]
  - [0.0, 0.0, 0.0, 1.0]
  cam_overlaps: [0]
  camera_model: pinhole
  distortion_coeffs: [0.03756380642196096, -0.0012973539118446597, -0.005396738716879816, 0.0016858656285821125]
  distortion_model: radtan
  intrinsics: [406.5987604858858, 405.72068737861395, 324.5788347840608, 234.34477981348607]
  resolution: [640, 480]
  rostopic: /camera/camera/infra2/image_rect_raw
