1756483778932428032.000000 0.005213386 -0.017654181 0.004790762 -0.695850611 0.004388970 -0.005376130 0.718153119
1756483779199096576.000000 0.006280701 0.010625144 0.005640028 -0.697644830 0.006814959 -0.009017931 0.716354668
1756483779465761024.000000 0.006848977 0.035309669 0.006430347 -0.696380556 0.006017094 -0.008066097 0.717602193
1756483779732422400.000000 0.007795154 0.058784433 0.007447026 -0.694405615 0.006039383 -0.008334872 0.719510257
1756483780265755648.000000 0.009374082 0.113918409 0.008086755 -0.697958648 0.006045655 -0.006962730 0.716078699
1756483781832493312.000000 -0.047831245 0.235931382 0.011487443 -0.682918966 -0.146384493 0.145940974 0.700638652
1756483783667174912.000000 -0.055978358 0.432875127 0.014786002 -0.698846638 0.010813465 -0.011510915 0.715097189
1756483783933790208.000000 -0.046434928 0.460993767 0.015028218 -0.696719527 0.042702965 -0.043301646 0.714761078
1756483784133757440.000000 -0.037980791 0.482326388 0.015136035 -0.696433842 0.066135652 -0.067103311 0.711409271
1756483784400372992.000000 -0.024106411 0.508574784 0.015034789 -0.692019463 0.096625604 -0.097404823 0.708720565
1756483784567004928.000000 -0.014063149 0.525514722 0.014568126 -0.690288126 0.115818620 -0.116182923 0.704691350
1756483784800286464.000000 0.000716291 0.545722187 0.015005769 -0.684553862 0.143316492 -0.144386902 0.699999213
1756483785033591296.000000 0.017730443 0.566006660 0.015816830 -0.679508984 0.169943720 -0.169519156 0.693289280
1756483785266889472.000000 0.036871642 0.585119486 0.015578480 -0.672446191 0.196918905 -0.196994364 0.685734868
1756483785700145152.000000 0.072133757 0.612793982 0.016201688 -0.652577341 0.242710844 -0.245787680 0.674405456
1756483785966774784.000000 0.093774572 0.637023032 0.015050762 -0.655316472 0.250694960 -0.251622736 0.666632175
1756483786500028672.000000 0.127060562 0.675224721 0.014446121 -0.655035734 0.248488963 -0.250245124 0.668250620
1756483786933287424.000000 0.154273167 0.706591785 0.014472498 -0.655074298 0.248374686 -0.249807328 0.668419123
1756483787266563328.000000 0.178554177 0.729690611 0.015127556 -0.651753783 0.258664608 -0.259913832 0.663893402
1756483787566502400.000000 0.201211959 0.748678386 0.015866168 -0.646143377 0.269552052 -0.271606982 0.660356104
1756483788100174080.000000 0.237721294 0.785912693 0.015821135 -0.648533046 0.268325686 -0.269679397 0.659302115
1756483788634250496.000000 0.273903430 0.823101103 0.015548123 -0.648677349 0.267634660 -0.268625766 0.659870863
1756483789134504448.000000 0.308182418 0.857332826 0.015608398 -0.648641706 0.269720614 -0.271010220 0.658079147
1756483789634537472.000000 0.341718167 0.891363204 0.015773296 -0.648862183 0.269378781 -0.270557195 0.658188283
1756483790134567424.000000 0.374334991 0.923932612 0.016292742 -0.648750603 0.268742293 -0.268679559 0.659326673
1756483790667925504.000000 0.411106944 0.962273419 0.014858278 -0.650479078 0.269481093 -0.269794673 0.656862020
1756483791167959808.000000 0.444589972 0.996279538 0.015314721 -0.650227070 0.269324005 -0.269013733 0.657496035
1756483791667990784.000000 0.478162795 1.030382514 0.014626711 -0.649672031 0.269962728 -0.270335585 0.657240450
1756483792168030976.000000 0.511396706 1.063413501 0.015141224 -0.648863494 0.270129740 -0.269561738 0.658287644
1756483792701403136.000000 0.545747221 1.099003196 0.016352676 -0.648725927 0.269082636 -0.270136148 0.658616483
1756483793201436416.000000 0.580183089 1.132814527 0.016846068 -0.650318325 0.268009990 -0.267344713 0.658622503
1756483793668127232.000000 0.608243883 1.161784053 0.018635176 -0.646979213 0.265707523 -0.266946137 0.662991107
1756483793901478656.000000 0.627332926 1.180545926 0.017693862 -0.650089741 0.267923027 -0.266750038 0.659124553
1756483794268182784.000000 0.650928497 1.204790831 0.017384501 -0.648025692 0.268043101 -0.268944144 0.660215676
1756483794601545984.000000 0.668276668 1.230099797 0.017604902 -0.654418409 0.250096649 -0.253365219 0.667078972
1756483795034923520.000000 0.692448199 1.263007283 0.017109621 -0.659336746 0.241597652 -0.242349535 0.669456840
1756483795368293376.000000 0.701616943 1.288971901 0.018304864 -0.668698788 0.207131431 -0.208569378 0.682962179
1756483795868342272.000000 0.721125185 1.330096602 0.019293245 -0.673505783 0.187431067 -0.189561173 0.689439058
1756483796135040768.000000 0.731946588 1.352709055 0.019748952 -0.675761878 0.179499120 -0.181144238 0.691601574
1756483796435073024.000000 0.733942628 1.378336191 0.020276902 -0.682767510 0.142713666 -0.145340636 0.701667607
1756483796668429824.000000 0.735274494 1.400038838 0.020181686 -0.689132333 0.115939394 -0.117497198 0.705584228
1756483796901784320.000000 0.733510375 1.423039913 0.019420449 -0.693136334 0.089925371 -0.091704048 0.709271431
1756483797135138048.000000 0.731212795 1.441046238 0.020789187 -0.693705082 0.061442435 -0.063052997 0.714858353
1756483797401824256.000000 0.734759331 1.469189525 0.020284764 -0.696643114 0.058595542 -0.060124036 0.712488651
1756483797868594432.000000 0.738927782 1.512364507 0.021375773 -0.697667956 0.046130415 -0.047452688 0.713358104
1756483798135522816.000000 0.732824802 1.536816478 0.020820666 -0.698800623 0.012685862 -0.013917552 0.715068638
1756483800970102016.000000 0.597429872 1.734564662 0.024185047 -0.645410359 -0.265921026 0.266094267 0.664774716
1756483801470233088.000000 0.560122490 1.763125181 0.024704706 -0.636401474 -0.287045300 0.287360370 0.655760765
1756483801970359808.000000 0.524388313 1.795236349 0.024173651 -0.636242568 -0.285937786 0.286350012 0.656839907
1756483802470476800.000000 0.488623649 1.828752995 0.026153177 -0.637228727 -0.285076052 0.284777611 0.656942129
1756483802837230336.000000 0.461812675 1.854837418 0.026167067 -0.640281558 -0.280071586 0.279008955 0.658599615
1756483803203993600.000000 0.440924108 1.894836187 0.025411721 -0.659555674 -0.235271424 0.234650046 0.674220324
1756483803704126720.000000 0.411711216 1.934666514 0.026274877 -0.661178768 -0.226994231 0.227209046 0.678006172
1756483804070878208.000000 0.399618030 1.973706841 0.028199475 -0.674283981 -0.180654958 0.180342898 0.692951262
1756483804604328960.000000 0.376452416 2.024092436 0.028467484 -0.677238941 -0.169646278 0.170663625 0.695299625
1756483805071098880.000000 0.364790320 2.076947451 0.029394720 -0.690091491 -0.122811183 0.122391045 0.702646136
1756483805571209472.000000 0.349250197 2.124496460 0.029758573 -0.690582454 -0.112747222 0.110772692 0.705771506
1756483805904615936.000000 0.348846138 2.163362980 0.030989429 -0.698778212 -0.072514266 0.070709854 0.708131969
1756483806271363328.000000 0.353100210 2.206056595 0.032083370 -0.703322768 -0.027787479 0.025136072 0.709882498
1756483806771472128.000000 0.353549331 2.254263163 0.033144724 -0.702187717 -0.017955607 0.016264584 0.711579621
1756483807271580416.000000 0.353654474 2.303553820 0.033069402 -0.702155054 -0.006853880 0.005602719 0.711969078
1756483807671666176.000000 0.368077189 2.346641541 0.033728816 -0.701285183 0.042295307 -0.043854415 0.710272551
1756483808038414592.000000 0.382766277 2.383130789 0.033533331 -0.698519468 0.076399013 -0.080288112 0.706956565
1756483808371823616.000000 0.388576061 2.414330959 0.033983961 -0.699331522 0.074003778 -0.076247059 0.706855953
1756483808838594816.000000 0.404144198 2.458164930 0.033740520 -0.695592344 0.095827043 -0.098053470 0.705233335
1756483809172000512.000000 0.424921572 2.490375757 0.034085441 -0.690786898 0.135872856 -0.137876660 0.696664989
1756483809705445888.000000 0.444439203 2.537126541 0.032470118 -0.690578938 0.133646339 -0.133859232 0.698083937
1756483810205560832.000000 0.468703628 2.581493855 0.032034822 -0.688769400 0.150750324 -0.148998886 0.693304062
1756483810538971648.000000 0.493025631 2.608814240 0.031470358 -0.679006636 0.189030975 -0.188978389 0.683743060
1756483811072435968.000000 0.529766798 2.647162914 0.031991914 -0.667885125 0.223735228 -0.225582212 0.673041403
1756483811572564224.000000 0.560546637 2.685911417 0.030535586 -0.668485045 0.223552421 -0.224584907 0.672839999
1756483811973082112.000000 0.589404941 2.714034081 0.031871654 -0.658735037 0.248589128 -0.251091957 0.664247274
1756483812340770048.000000 0.625665009 2.734488249 0.031776048 -0.642504454 0.288566440 -0.290975094 0.647495925
1756483812842142976.000000 0.663968861 2.765197039 0.032616183 -0.641605794 0.290212691 -0.292222559 0.647089362
1756483813275491840.000000 0.695299506 2.791400909 0.032854285 -0.641829193 0.290075332 -0.290817857 0.647562087
1756483813642164224.000000 0.731574714 2.809639692 0.032505002 -0.626928568 0.322099626 -0.323025078 0.631559432
1756483814042176000.000000 0.765984654 2.829933882 0.032205671 -0.620756626 0.333314538 -0.334987670 0.625576496
1756483814542190080.000000 0.806702197 2.856613159 0.032109931 -0.621597469 0.334083915 -0.335001200 0.624322653
1756483814875529216.000000 0.839637339 2.869893789 0.031584948 -0.608458757 0.357529879 -0.358727813 0.610953987
1756483815242202112.000000 0.879824221 2.880450726 0.030800872 -0.589806795 0.387777567 -0.390368938 0.591074169
1756483815775531008.000000 0.926467001 2.901676655 0.029898804 -0.591656685 0.385540307 -0.387615651 0.592499137
1756483816275584512.000000 0.969654262 2.920517921 0.029257696 -0.589430451 0.384904325 -0.389355868 0.593988717
1756483816708959232.000000 1.007622600 2.936373472 0.029072827 -0.588963091 0.384851158 -0.390444189 0.593772292
1756483817075640320.000000 1.040959716 2.950194836 0.028647108 -0.588691771 0.385001898 -0.391564906 0.593205333
1756483817408974848.000000 1.078796148 2.953092813 0.028489770 -0.566699505 0.416055560 -0.423359305 0.571416140
1756483817808968448.000000 1.115970612 2.963955402 0.028978996 -0.568311155 0.415634304 -0.420747727 0.572050691
1756483818142301696.000000 1.146163940 2.973894596 0.028615657 -0.566863835 0.414518952 -0.422848016 0.572746933
1756483818475628544.000000 1.177825093 2.982567549 0.028990952 -0.567379951 0.415052116 -0.422205865 0.572323382
1756483818842283776.000000 1.211091757 2.991060257 0.029279267 -0.566406190 0.413966358 -0.422600329 0.573781192
1756483819175632896.000000 1.247170091 2.992628098 0.028945761 -0.542557001 0.442512453 -0.453502446 0.551498234
1756483819475642624.000000 1.280316472 2.989755392 0.030055676 -0.519784153 0.470311046 -0.480841190 0.526710331
1756483819808982016.000000 1.319832444 2.981908321 0.028670682 -0.495738566 0.496652931 -0.506670713 0.500863254
1756483820242300928.000000 1.360875607 2.980838060 0.028709665 -0.497127205 0.493094802 -0.505981922 0.503690720
1756483820542283264.000000 1.392681718 2.970955610 0.029490108 -0.474074095 0.515259564 -0.527888477 0.480723619
1756483820875595520.000000 1.428040743 2.956259251 0.029891131 -0.445040792 0.541360021 -0.553139985 0.450448871
1756483821175587328.000000 1.459888339 2.940029621 0.029124610 -0.417584002 0.564785063 -0.574055076 0.420835286
1756483821442240768.000000 1.483088970 2.922982454 0.030840669 -0.391185224 0.581439674 -0.592997849 0.396554708
1756483821708889344.000000 1.508210301 2.902865410 0.029863074 -0.364873499 0.599818587 -0.609427810 0.368351430
1756483821975548160.000000 1.531164408 2.880968094 0.028919376 -0.338318706 0.616895199 -0.623828948 0.340320706
1756483822242209792.000000 1.549237013 2.858276844 0.029671449 -0.309714288 0.630230069 -0.639471591 0.312990755
1756483822508868096.000000 1.567115307 2.833379269 0.028728481 -0.280875832 0.643004537 -0.653356910 0.284216017
1756483822642193920.000000 1.575586081 2.820893288 0.028591054 -0.266660988 0.649617553 -0.659290195 0.268747985
1756483822775520000.000000 1.584750295 2.805842638 0.028130097 -0.252049685 0.657341659 -0.663792074 0.252493590
1756483823008847360.000000 1.597425818 2.786850452 0.029027110 -0.243318886 0.659733295 -0.667687774 0.244419664
1756483823275504640.000000 1.613073707 2.767317057 0.027989719 -0.243430451 0.659020901 -0.668234348 0.244736567
1756483823508825088.000000 1.628831506 2.749646664 0.027287843 -0.245946035 0.659959793 -0.666561782 0.244252071
1756483823842137088.000000 1.649534702 2.724927425 0.026468085 -0.247686237 0.659224331 -0.666015267 0.245964453
1756483824108795904.000000 1.666391969 2.704468250 0.026108095 -0.247919396 0.659655809 -0.666077614 0.244398952
1756483824408781056.000000 1.683593988 2.682718515 0.026330769 -0.245983347 0.658950806 -0.667856097 0.243401468
1756483824642099456.000000 1.693028450 2.660805702 0.026660567 -0.218791068 0.667653620 -0.678273618 0.215206921
1756483825075412480.000000 1.716291308 2.625022173 0.027152343 -0.217834279 0.669833243 -0.677262366 0.212573379
1756483825442061312.000000 1.736355901 2.594266653 0.026392188 -0.217692614 0.670957744 -0.676741958 0.210822061
1756483825842033152.000000 1.757660747 2.559638739 0.024738509 -0.211969957 0.672605932 -0.679030418 0.203930676
1756483826108690688.000000 1.765982985 2.529928923 0.024709754 -0.177619979 0.682968497 -0.687859833 0.169865116
1756483826442006784.000000 1.779098153 2.498998165 0.024891378 -0.171530649 0.682597339 -0.691149533 0.164166048
1756483826875309568.000000 1.794105291 2.460542917 0.025531765 -0.159810305 0.684817016 -0.694232762 0.153385922
1756483827141965056.000000 1.798661113 2.427987576 0.024217056 -0.125819013 0.692869306 -0.699910045 0.119279943
1756483827341954048.000000 1.800575614 2.406168461 0.024956694 -0.102206007 0.695719302 -0.704816520 0.093607202
1756483827608600832.000000 1.799814820 2.376197815 0.025314773 -0.071714915 0.698237181 -0.709435463 0.063428670
1756483827841962752.000000 1.801713347 2.349807024 0.024401248 -0.064366691 0.701060772 -0.707939386 0.056503613
1756483828242515200.000000 1.805864096 2.309897900 0.023732580 0.062219985 -0.702356637 0.706781924 -0.057298809
1756483828576363776.000000 1.811315536 2.276586533 0.023403378 0.061442416 -0.703059316 0.706404448 -0.054086462
1756483828843423488.000000 1.808046937 2.248476267 0.024569023 -0.030531934 0.703801334 -0.709352851 0.023451436
1756483829076813824.000000 1.801831126 2.220624924 0.023312567 -0.002814890 0.704388618 -0.709793329 -0.004706981
1756483831777421824.000000 1.740433216 1.951755404 0.023768723 -0.081914209 -0.700622082 0.704064608 0.081925347
1756483834378089728.000000 1.687646985 1.712801576 0.021095211 0.069661126 0.700094342 -0.706987500 -0.071999848
1756483837178782720.000000 1.636165380 1.454788685 0.020599054 -0.060412250 -0.705220461 0.703643203 0.062455658
1756483838579115264.000000 1.635886312 1.323058844 0.015813533 0.010108843 -0.708303452 0.705756128 -0.010604850
1756483839012555008.000000 1.634171009 1.280479312 0.015461970 0.006409978 -0.705713391 0.708431304 -0.007252366
1756483839345969920.000000 1.642245650 1.253939390 0.016184710 -0.039600287 0.702153563 -0.709753871 0.040764000
1756483839712725248.000000 1.656895638 1.224777818 0.016607964 -0.080754817 0.698404253 -0.706204236 0.083581433
1756483840079477504.000000 1.676564813 1.195693731 0.016135214 0.124522679 -0.693723679 0.698159873 -0.125755131
1756483840412887296.000000 1.696186900 1.174198627 0.015599525 -0.159831882 0.685374796 -0.691870093 0.161341205
1756483840946346752.000000 1.716776371 1.124616623 0.014584007 -0.155970842 0.687006116 -0.692402363 0.155803397
1756483841479814656.000000 1.737453222 1.077635646 0.014414016 -0.156047031 0.687266648 -0.692038476 0.156194642
1756483841979943680.000000 1.757901669 1.034094095 0.013050457 -0.157795042 0.687001526 -0.691924810 0.156107947
1756483842346708992.000000 1.771865845 1.002723455 0.012468683 -0.165239736 0.685094535 -0.689944923 0.165279686
1756483842646789888.000000 1.791216254 0.985425830 0.012766520 0.201129422 -0.675673783 0.680348396 -0.200344816
1756483843013544960.000000 1.817165375 0.966557682 0.012933342 0.242464349 -0.662088335 0.666864932 -0.241124883
1756483843413632000.000000 1.847644687 0.948362947 0.012579659 0.286944419 -0.644907236 0.648341298 -0.285326570
1756483843713695232.000000 1.871167660 0.938918412 0.013997110 -0.315373242 0.630201399 -0.636220336 0.314021856
1756483844013762560.000000 1.893099427 0.919464409 0.014001226 -0.314322919 0.630729437 -0.636220336 0.314014733
1756483844547218432.000000 1.908776760 0.896129191 0.014398593 0.284000635 -0.646492779 0.650078714 -0.280692607
1756483845047335936.000000 1.903581619 0.882297993 0.014031643 -0.228401080 0.666654050 -0.672719121 0.225509241
1756483845314066944.000000 1.900095582 0.875480235 0.013615876 -0.197615296 0.676921189 -0.681844354 0.194458798
1756483845547457536.000000 1.895796061 0.867930055 0.013218446 0.171466082 -0.684403777 0.688651085 -0.167184249
1756483845914211584.000000 1.889343143 0.856173813 0.011767147 0.130300522 -0.694200397 0.696728051 -0.125210553
1756483846180938240.000000 1.882741690 0.851504266 0.012050791 0.097484879 -0.698461533 0.702910125 -0.092550859
1756483846714392064.000000 1.870401978 0.842100263 0.013031138 0.037195440 -0.704813540 0.707773328 -0.030190689
1756483846947775488.000000 1.864585876 0.839697301 0.013806814 -0.009318873 0.704752982 -0.709387600 0.002394318
1756483849348266240.000000 1.836629629 0.613539994 0.012316374 0.019946877 0.704053998 -0.709413171 -0.025359102
1756483850315158016.000000 1.829261541 0.517931461 0.011626447 0.017755428 0.703693390 -0.709950566 -0.021692878
1756483853082490624.000000 1.806624055 0.244754881 0.009317910 0.017893448 0.703204393 -0.710415840 -0.022198452
1756483854049401344.000000 1.823836923 0.233300030 0.005665813 -0.055572350 0.699728429 -0.710373521 0.051587693
1756483854416156928.000000 1.833357096 0.240396246 0.006793326 -0.095817007 0.695766449 -0.705995917 0.091093585
1756483854816254720.000000 1.842178583 0.249808013 0.007113388 -0.142742395 0.688000977 -0.697759986 0.139320880
1756483855183010560.000000 1.848101735 0.258381248 0.006435907 -0.186199024 0.678030908 -0.686819017 0.184075221
1756483855516425216.000000 1.855918169 0.263684690 0.008018279 -0.223276377 0.661295950 -0.679998457 0.224583060
1756483855749816064.000000 1.872373104 0.239648685 0.006073080 -0.223976523 0.666636109 -0.675786793 0.220778465
1756483856049891584.000000 1.889470696 0.216064438 0.006060215 -0.222975746 0.667581737 -0.675678074 0.219261646
1756483856416652032.000000 1.906657457 0.190112099 0.005750444 0.214839503 -0.672535479 0.676643908 -0.209028870
1756483856816754944.000000 1.898007274 0.183157980 0.006795591 -0.170972437 0.679952502 -0.693076968 0.167563051
1756483857183515904.000000 1.901727557 0.146623969 0.006123919 -0.125800893 0.693027139 -0.699527681 0.120617390
1756483857516934656.000000 1.901843548 0.108827442 0.006860666 -0.087211676 0.698424280 -0.705489099 0.082962595
1756483857983721984.000000 1.890225053 0.099839963 0.005475398 -0.035395019 0.701373994 -0.711232662 0.031142173
1756483860184272896.000000 1.757696867 -0.065588824 0.007324127 0.223820955 0.664786518 -0.674994528 -0.228791580
1756483862718232832.000000 1.484373808 -0.140404463 0.002764320 -0.457618773 -0.537127674 0.537527740 0.461674035
1756483865552223488.000000 1.211859345 -0.182620406 0.003796778 -0.453154832 -0.540905297 0.540530622 0.458147168
1756483868186156544.000000 0.943472326 -0.194642693 0.000918133 -0.497102648 -0.497464061 0.499270350 0.506110311
1756483870786777856.000000 0.680799484 -0.193199441 0.002707216 -0.504117668 -0.490388304 0.492528349 0.512640774
1756483872587199232.000000 0.497323453 -0.189621210 0.003306279 -0.502895355 -0.490090519 0.492848337 0.513817132
1756483873520747520.000000 0.407006323 -0.195864499 0.003383804 -0.491187304 -0.495678544 0.503144741 0.509787381
1756483873954179584.000000 0.361957014 -0.196896642 0.002080452 -0.491644174 -0.496481150 0.501972198 0.509721935
1756483875287823104.000000 0.223344877 -0.188272521 0.001868376 -0.509669185 -0.480584055 0.483628631 0.524766266
1756483875654579200.000000 0.186003312 -0.186179757 0.000865471 -0.509639204 -0.479857773 0.484388262 0.524759412
1756483875987992320.000000 0.151880562 -0.183529228 0.000698156 -0.508743167 -0.482595921 0.484689593 0.522836208
1756483876321404672.000000 0.120085992 -0.180864349 0.000466472 -0.508707404 -0.480381906 0.485783696 0.523893297
1756483876588134144.000000 0.092449829 -0.178389281 0.000385093 -0.508930027 -0.481292725 0.483850926 0.524629235
1756483876954885632.000000 0.056350142 -0.172524303 0.002353639 -0.509440482 -0.482678771 0.485658139 0.521179259
1756483877254953728.000000 0.026802653 -0.169027194 0.002452595 -0.508055031 -0.486146450 0.486871213 0.518168032
1756483877588363520.000000 -0.005366802 -0.165108129 0.002690363 -0.506568372 -0.486316919 0.488748789 0.517695844
1756483878423345920.000000 -0.036332808 -0.162640944 0.004563974 -0.509271026 -0.484791398 0.486189097 0.518883944
1756483879724545792.000000 -0.043198343 -0.162504703 0.004947016 -0.508985996 -0.486060619 0.485299587 0.518808842
1756483881729056256.000000 -0.048540674 -0.161188588 0.007126360 -0.504451275 -0.484940916 0.488999218 0.520808160
1756483883395268352.000000 -0.055565745 -0.154644772 0.005062669 -0.531938136 -0.460608453 0.459447175 0.542024016
1756483883628469760.000000 -0.057027817 -0.147038937 0.004109547 -0.547602296 -0.439487189 0.439744860 0.560006440
1756483883861662208.000000 -0.059261035 -0.141013011 0.003679358 -0.564833760 -0.416429073 0.417121708 0.577545822
1756483884095438592.000000 -0.059564210 -0.132865697 0.003840020 -0.581606328 -0.393186003 0.394229710 0.593061447
1756483884830327808.000000 -0.057321049 -0.106861725 0.004020370 -0.624186397 -0.318659008 0.319984555 0.637540400
1756483887561685760.000000 0.006160699 -0.029140905 0.006153089 -0.700898767 -0.012677928 0.011110362 0.713061512
1756483888094596352.000000 0.012067957 -0.025260549 0.006311786 -0.701364815 0.014266364 -0.016178602 0.712476015
1756483888627510272.000000 0.010041853 -0.025927518 0.006044690 -0.701092482 0.005804740 -0.007841556 0.713003635
1756483889161096704.000000 0.010472272 -0.026056048 0.006137642 -0.701195240 0.007596237 -0.009361631 0.712867498
1756483889661970944.000000 0.010347908 -0.025963001 0.006076900 -0.701169133 0.007690915 -0.009353645 0.712892175
1756483890195405568.000000 0.010324286 -0.025889415 0.006136374 -0.701194227 0.007682911 -0.009411843 0.712866843
1756483890761463552.000000 0.010332286 -0.025931032 0.006157667 -0.701219380 0.007701857 -0.009348180 0.712842762
1756483891295225088.000000 0.010340815 -0.025930006 0.006133721 -0.701205134 0.007628929 -0.009398615 0.712856948
1756483891795962112.000000 0.010400819 -0.026106857 0.006199748 -0.701226115 0.007641809 -0.009383880 0.712836325
1756483892328927232.000000 0.010334888 -0.025907718 0.006136214 -0.701202154 0.007630507 -0.009459068 0.712858975
1756483892894809344.000000 0.010357505 -0.025979329 0.006215848 -0.701234341 0.007692272 -0.009368327 0.712827802
1756483893395421440.000000 0.010331809 -0.025907120 0.006144619 -0.701221883 0.007655457 -0.009427748 0.712839723
1756483893896068864.000000 0.010367353 -0.025938101 0.006171449 -0.701226115 0.007672462 -0.009380111 0.712836027
1756483894397243904.000000 0.009573326 -0.026613984 0.004616583 -0.700107634 0.007466025 -0.010031146 0.713927865
1756483894898587392.000000 0.009485956 -0.026321620 0.003890283 -0.699943006 0.007535143 -0.010075480 0.714087903
1756483895464506624.000000 0.009651979 -0.026477991 0.004005389 -0.699978590 0.007547359 -0.009939553 0.714054763
1756483896030404096.000000 0.009506224 -0.026359690 0.003893851 -0.699935675 0.007597047 -0.009984876 0.714095712
1756483896597036032.000000 0.009483775 -0.026534922 0.004169957 -0.700028360 0.007471440 -0.010121491 0.714004219
1756483897130886656.000000 0.009539986 -0.026513793 0.004120223 -0.700001419 0.007505497 -0.010025784 0.714031696
1756483897665715200.000000 0.009528248 -0.026415277 0.003836786 -0.699934125 0.007545070 -0.010024239 0.714097261
1756483898199544832.000000 0.009480287 -0.026427712 0.004014333 -0.700008214 0.007501136 -0.010058681 0.714024603
1756483898732188672.000000 0.009691854 -0.026413593 0.003938895 -0.699956954 0.007496279 -0.010006331 0.714075565
1756483899264844800.000000 0.009654011 -0.026516842 0.004070042 -0.699981451 0.007489874 -0.009983793 0.714052081
1756483899797465344.000000 0.009732129 -0.026524913 0.004107366 -0.699999094 0.007527821 -0.009893193 0.714035511
1756483900298236160.000000 0.009518465 -0.026425861 0.003987240 -0.699935675 0.007500311 -0.010047937 0.714095831
1756483900799702528.000000 0.009683095 -0.026462970 0.003957042 -0.699953496 0.007488624 -0.009964377 0.714079618
1756483901299722240.000000 0.009745749 -0.026468018 0.004062621 -0.699995697 0.007508449 -0.009921684 0.714038670
1756483901865621760.000000 0.009604843 -0.026660692 0.004177364 -0.700007617 0.007539841 -0.009973136 0.714025974
1756483902398296576.000000 0.009740647 -0.026496693 0.004080392 -0.699999094 0.007479808 -0.009933447 0.714035511
1756483902930896640.000000 0.009677935 -0.026473835 0.003847492 -0.699875593 0.007504090 -0.009979797 0.714155674
1756483903463581952.000000 0.009593783 -0.026561294 0.003979778 -0.699959755 0.007523678 -0.009977676 0.714073002
1756483903996191744.000000 0.009783767 -0.026587844 0.004177834 -0.699981511 0.007437600 -0.010025660 0.714051962
1756483904528860416.000000 0.009748453 -0.026473563 0.003839999 -0.699876845 0.007522443 -0.009907936 0.714155257
1756483905061647872.000000 0.009796390 -0.026339740 0.003809290 -0.699872375 0.007559677 -0.009829427 0.714160264
1756483905561759232.000000 0.009705306 -0.026686270 0.003953934 -0.699912369 0.007449370 -0.010000695 0.714119852
1756483906095058176.000000 0.009558171 -0.026299573 0.003857097 -0.699876130 0.007511083 -0.010078906 0.714153647
1756483906627847168.000000 0.009532930 -0.026621090 0.003734060 -0.699828207 0.007472211 -0.010073295 0.714201093
1756483909494195200.000000 0.007040999 -0.028041057 0.003781200 -0.699627876 -0.001427383 -0.001077076 0.714505196
1756483912228552448.000000 0.007107491 -0.027983692 0.003537909 -0.699513078 -0.001420430 -0.001017463 0.714617670
1756483914931913984.000000 0.006146227 0.058215223 0.006139892 -0.695903361 -0.001754843 -0.001632838 0.718131542
1756483917035245824.000000 0.008991482 0.263923049 0.009097185 -0.699339151 0.002102738 -0.002977402 0.714780748
1756483917601766912.000000 0.009347006 0.317783177 0.010794315 -0.698328853 0.002725028 -0.003936934 0.715761125
1756483918135332352.000000 0.010076376 0.369929612 0.011710051 -0.699358821 0.003482776 -0.003735838 0.714752555
1756483918636467712.000000 0.011105756 0.418980777 0.012499229 -0.698996067 0.004478679 -0.004808523 0.715095401
1756483919137194240.000000 0.012450872 0.468012273 0.013196633 -0.698629558 0.009469168 -0.010027741 0.715350688
1756483919670247936.000000 0.025887525 0.522788584 0.014376751 -0.698862731 0.043337833 -0.042799905 0.712657750
1756483920203696384.000000 0.031864304 0.574777603 0.014686042 -0.699278176 0.042678446 -0.043680519 0.712236345
1756483920771218432.000000 0.041041348 0.631183386 0.014805057 -0.698826790 0.053402472 -0.053840537 0.711259842
1756483921304752640.000000 0.061178040 0.681293666 0.015734468 -0.694665551 0.088824175 -0.090214133 0.708104134
1756483921870982400.000000 0.077049904 0.734442234 0.016155828 -0.693972647 0.098757058 -0.101089090 0.705995739
1756483922403926784.000000 0.114627779 0.785741627 0.016080774 -0.682240784 0.163792491 -0.166221082 0.692885399
1756483922970143488.000000 0.155610651 0.832353950 0.015981609 -0.670928717 0.204068318 -0.207207754 0.682111263
1756483923536405248.000000 0.203380600 0.873468399 0.016798429 -0.654922426 0.251765907 -0.254561633 0.665499032
1756483924102628352.000000 0.240582660 0.916635096 0.015734084 -0.656127274 0.250011921 -0.254271805 0.665084124
1756483924668913152.000000 0.274988562 0.957474053 0.016572218 -0.656914532 0.249621734 -0.252505541 0.665126562
1756483925235169280.000000 0.318567306 0.994842768 0.017476596 -0.648362815 0.273633301 -0.275851429 0.654718697
1756483925801423104.000000 0.358065277 1.033132553 0.017637897 -0.648362935 0.273495555 -0.274571568 0.655313790
1756483926367684864.000000 0.397695661 1.070480585 0.017470220 -0.646993995 0.276217520 -0.276162505 0.654856443
1756483926900616192.000000 0.434257805 1.106748104 0.016886072 -0.648080528 0.275397837 -0.274378926 0.654877007
1756483927433573888.000000 0.470005453 1.141331434 0.017495599 -0.646660089 0.275187910 -0.275631368 0.655842781
1756483928033127680.000000 0.506750703 1.178920507 0.018107777 -0.644941926 0.270750344 -0.274068564 0.660023153
1756483928534014720.000000 0.542782664 1.214596510 0.018494289 -0.648741364 0.271404594 -0.272399485 0.656713605
1756483929068294400.000000 0.577423871 1.249582171 0.018817641 -0.647743881 0.270999223 -0.272276193 0.657915711
1756483929568543232.000000 0.611738205 1.282527208 0.019031569 -0.649465919 0.269899398 -0.269081712 0.657984376
1756483930068794368.000000 0.644181073 1.314453244 0.019915115 -0.647005975 0.270588607 -0.271945715 0.658946633
1756483930635069696.000000 0.692272425 1.345828772 0.022143325 -0.629671693 0.306090683 -0.308374137 0.643993378
1756483931201917696.000000 0.737773955 1.375977635 0.022083607 -0.625014126 0.319513649 -0.320672303 0.635954201
1756483931703556608.000000 0.783448637 1.396404147 0.023322459 -0.606274843 0.354816020 -0.355681211 0.616463602
1756483932204665344.000000 0.832408369 1.406819463 0.024352383 -0.575142384 0.403917372 -0.404750198 0.585012317
1756483932770944000.000000 0.885229528 1.421915293 0.024206221 -0.570185900 0.410647631 -0.411919773 0.580154002
1756483933271114752.000000 0.933676600 1.432266951 0.025083562 -0.556142628 0.431757152 -0.431588352 0.563935101
1756483933805415680.000000 0.988244712 1.431596994 0.024719257 -0.528438628 0.466957778 -0.466706574 0.533749163
1756483934306002944.000000 1.034425855 1.436356664 0.024535708 -0.526520729 0.465623349 -0.468710721 0.535052478
1756483934806277632.000000 1.084132791 1.434422255 0.022612127 -0.510498941 0.481654167 -0.486421615 0.520378768
1756483935306855680.000000 1.133344293 1.436692357 0.021774013 -0.510074139 0.482760280 -0.486271113 0.519910812
1756483935807755520.000000 1.178565264 1.437604070 0.021674680 -0.509915888 0.480965674 -0.486376882 0.521627724
1756483936341622528.000000 1.230098486 1.439308882 0.022330457 -0.509717703 0.482625842 -0.486397892 0.520266533
1756483936875091200.000000 1.282696009 1.441452622 0.021359827 -0.509886205 0.483361512 -0.486249119 0.519557059
1756483937375661312.000000 1.329594731 1.442883968 0.022060953 -0.509637058 0.482861876 -0.487244517 0.519333422
1756483937876548608.000000 1.383924723 1.427480459 0.021852922 0.467074692 -0.525110662 0.528918982 -0.475756973
1756483938376644096.000000 1.433251143 1.421666384 0.020992786 0.468802392 -0.525463045 0.527747214 -0.474969298
1756483938909416192.000000 1.488020539 1.394610047 0.020331567 0.422043502 -0.565053046 0.565449417 -0.427622974
1756483939475676160.000000 1.542363048 1.354230165 0.019714219 0.367393821 -0.601844013 0.603580296 -0.372151017
1756483940008600320.000000 1.588390112 1.310194850 0.016690103 0.326098949 -0.626093805 0.627068341 -0.329319626
1756483940574729984.000000 1.630732656 1.281057835 0.017893178 -0.326214224 0.621145844 -0.630626917 0.331770867
1756483941140764160.000000 1.675061226 1.248957992 0.017460730 -0.326493829 0.620630562 -0.631140292 0.331483632
1756483941673552128.000000 1.719503403 1.215850353 0.016678939 0.326043814 -0.624226928 0.628682971 -0.329839349
1756483942172978432.000000 1.758801818 1.188055873 0.016070345 -0.326218992 0.623655081 -0.629343033 0.329488754
1756483942639171584.000000 1.796535850 1.169601560 0.016599415 0.355937272 -0.609682500 0.612204373 -0.356092453
1756483943105297920.000000 1.836202860 1.163332820 0.015444158 0.403037637 -0.579991639 0.582848310 -0.401818782
1756483943538200320.000000 1.871187329 1.159620285 0.016738506 0.444422364 -0.547886372 0.551153183 -0.445577741
1756483944004340992.000000 1.914855957 1.153773546 0.016694581 0.455820501 -0.537904263 0.541573942 -0.457803965
1756483944504361728.000000 1.963433146 1.145207286 0.016070677 -0.456289947 0.537057877 -0.541817427 0.458041698
1756483945004602368.000000 2.012460470 1.136625290 0.015746839 0.456495434 -0.538112581 0.540615380 -0.458019525
1756483945504385280.000000 2.016198635 1.128933668 0.016721850 0.429105222 -0.559224546 0.563002110 -0.431468815
1756483946003977472.000000 2.022587776 1.115520954 0.015600393 -0.377760053 0.594741821 -0.600635350 0.377911091
1756483946303743488.000000 2.023641825 1.105907679 0.014787609 -0.347573310 0.613556385 -0.618588448 0.346539557
1756483946603508992.000000 2.023386717 1.096825242 0.015566502 -0.316766769 0.629586339 -0.635757029 0.314790398
1756483947136407552.000000 2.019284964 1.077393770 0.016752591 0.258732408 -0.657276630 0.660139561 -0.255461752
1756483947670092032.000000 2.014018774 1.061645389 0.015911162 0.199239463 -0.677614033 0.680478156 -0.195172846
1756483948170413056.000000 2.003403902 1.047392488 0.014714666 0.141956180 -0.691210151 0.695188403 -0.137076989
1756483948570208768.000000 1.995049596 1.038295150 0.013147432 -0.096181691 0.697901011 -0.703701854 0.092124879
1756483949136583936.000000 1.978952408 1.027075887 0.014288794 0.029293602 -0.705142021 0.708008409 -0.025312569
1756483950605208064.000000 1.913505197 0.919242561 0.016693182 -0.135860369 -0.693508148 0.692724109 0.143950865
1756483953510515968.000000 1.730252624 0.876603842 0.007521274 -0.429173827 -0.556069076 0.558000445 0.441851139
1756483956414382336.000000 1.435691476 0.848395526 0.009006088 -0.475341678 -0.521526754 0.515904546 0.485698193
1756483959145582080.000000 1.165825963 0.823521912 0.010120112 -0.473634243 -0.522629499 0.518126965 0.483811438
1756483961981088512.000000 0.881869376 0.801253557 0.005399584 0.468762249 0.521285594 -0.524051785 -0.483624995
1756483964747224576.000000 0.605185568 0.782175660 0.012426226 -0.475865275 -0.517480016 0.518727899 0.486506045
1756483966480747776.000000 0.429941118 0.785698295 0.010260047 -0.493906498 -0.496600091 0.503329933 0.506067038
1756483966913951744.000000 0.385744274 0.784391224 0.008307218 -0.493432760 -0.495011508 0.502259076 0.509140074
1756483967748470528.000000 0.301626176 0.782935798 0.009371902 -0.494997829 -0.495339453 0.501240849 0.508304536
1756483968149526784.000000 0.260348320 0.782911777 0.007069319 -0.494520485 -0.495011777 0.502317965 0.508025110
1756483968515973120.000000 0.223785922 0.784597218 0.006930086 -0.493306875 -0.494365990 0.503558457 0.508605480
1756483969315046912.000000 0.142068595 0.785653293 0.010299272 -0.493954480 -0.498430938 0.501072764 0.506460071
1756483969716017408.000000 0.103782021 0.787716329 0.010404665 -0.492054045 -0.498461097 0.504060924 0.505313814
1756483970217352192.000000 0.094855607 0.780095458 0.007486693 0.462864757 0.525798738 -0.531361461 -0.476389557
1756483970783225856.000000 0.107070863 0.764620423 0.009759589 0.413265079 0.566743314 -0.572065353 -0.425153345
1756483971282587136.000000 0.118596941 0.754466236 0.010457557 0.363395244 0.601527691 -0.605183005 -0.373981267
1756483973818393600.000000 0.158345819 0.701798439 0.007864319 0.083018243 0.698978066 -0.704244435 -0.092614777
1756483974684559872.000000 0.181525722 0.713448942 0.006609097 -0.019552747 0.702902973 -0.710906684 0.012521776
1756483975051508992.000000 0.191135690 0.719287872 0.007166466 -0.062518559 0.700861096 -0.708294094 0.056610785
1756483975318237184.000000 0.196078509 0.723143458 0.005539695 -0.095217884 0.697463274 -0.704671383 0.088976324
1756483975717464320.000000 0.205196917 0.733179450 0.006614121 -0.141755700 0.689628005 -0.697055519 0.135765344
1756483976050087424.000000 0.210214198 0.740903437 0.006887576 -0.180288091 0.676294267 -0.691365182 0.179266647
1756483976416541696.000000 0.234415188 0.719902515 0.006710470 -0.225042954 0.665688157 -0.675504267 0.223403051
1756483976750521856.000000 0.257114261 0.704276741 0.007142000 -0.261925250 0.652662396 -0.661325693 0.260912597
1756483977284951808.000000 0.296913326 0.684848905 0.006416982 -0.320971102 0.626775742 -0.633631051 0.320376992
1756483977618124032.000000 0.322562397 0.677709997 0.008398490 -0.354654610 0.608797789 -0.614608586 0.354741603
1756483977984609792.000000 0.349482864 0.673239946 0.010664485 0.391531348 -0.586912513 0.590675831 -0.391585350
1756483978550679808.000000 0.389803261 0.668629289 0.014995968 0.444506675 -0.549525559 0.551247597 -0.443352759
1756483979116311808.000000 0.442108244 0.667347968 0.013590848 0.465972364 -0.531628013 0.532962263 -0.464965373
1756483979549898752.000000 0.478667706 0.670198739 0.013854075 0.490143865 -0.509962440 0.511230290 -0.488201708
1756483980084448000.000000 0.525663435 0.673271000 0.013601869 -0.499875337 0.497260898 -0.501420200 0.501432002
1756483980585190912.000000 0.573743343 0.672196507 0.012918685 -0.501329482 0.496445745 -0.499558061 0.502645254
1756483981118986496.000000 0.622945547 0.673699617 0.013017364 -0.508708179 0.487837881 -0.490613222 0.512375772
1756483981652282112.000000 0.673491299 0.675404251 0.012156861 -0.508591354 0.486290306 -0.490759671 0.513820648
1756483982185324288.000000 0.723154962 0.676305413 0.012715064 -0.510251880 0.485807449 -0.490323067 0.513047159
1756483982717891840.000000 0.774327219 0.676576674 0.012300653 -0.509727657 0.485923797 -0.489386886 0.514350235
1756483983250215168.000000 0.823004484 0.677826464 0.012809189 -0.509351373 0.484249592 -0.489406437 0.516279757
1756483983849962240.000000 0.882577419 0.678619385 0.012311697 -0.509717703 0.485031694 -0.489012241 0.515557230
1756483984283170048.000000 0.923557878 0.679799676 0.012380429 -0.510470629 0.484585226 -0.488786459 0.515446067
1756483984782465280.000000 0.972081542 0.680758119 0.011406228 -0.510291636 0.484718323 -0.489215851 0.515090823
1756483985348292608.000000 1.024917364 0.681160033 0.012033502 -0.509761095 0.483953089 -0.489617735 0.515953124
1756483985914938112.000000 1.080874801 0.682147622 0.011336816 -0.510050416 0.483966082 -0.489257187 0.515996993
1756483986481395712.000000 1.133694887 0.682402849 0.010801300 -0.507722020 0.483669013 -0.490880549 0.517028868
1756483987014068480.000000 1.186420679 0.683196366 0.011594282 -0.507006884 0.485109806 -0.491454929 0.515833914
1756483987580405248.000000 1.241820931 0.684273243 0.011840530 -0.508099973 0.485909849 -0.490716755 0.514706850
1756483988080525312.000000 1.289801121 0.684761941 0.012045989 -0.507326305 0.486127377 -0.490179241 0.515775681
1756483988514013696.000000 1.331093550 0.685993016 0.012121154 -0.506352484 0.486376524 -0.491200805 0.515525877
1756483988914207744.000000 1.369568348 0.686917067 0.011938859 -0.506476283 0.486198276 -0.490774095 0.515978515
1756483989414333696.000000 1.418546677 0.684214950 0.011511412 -0.498854101 0.493027478 -0.499566436 0.508430898
1756483989847328256.000000 1.459609389 0.683368742 0.011399370 -0.498750716 0.492243111 -0.499670476 0.509189546
1756483990413689344.000000 1.514340281 0.683586359 0.012326356 -0.498849511 0.491396576 -0.500370562 0.509222746
1756483990947389952.000000 1.567335010 0.683391511 0.012056906 -0.498892665 0.492484093 -0.499664068 0.508823633
1756483991481327872.000000 1.619350672 0.681750119 0.013622446 -0.499674648 0.493360549 -0.498057395 0.508782446
1756483991982323200.000000 1.668130398 0.680440724 0.014323646 -0.498893976 0.492906749 -0.499113768 0.508953094
1756483992449759488.000000 1.713973761 0.680489779 0.014720360 -0.500358045 0.491896302 -0.498307943 0.509283006
1756483992950136320.000000 1.764011621 0.680104196 0.014487492 -0.501250863 0.493822485 -0.498064935 0.506772459
1756483993417059584.000000 1.811850548 0.679489076 0.014927432 -0.502825320 0.495003194 -0.497110873 0.504994392
1756483993850170880.000000 1.853717327 0.678083241 0.014329253 -0.503205240 0.494058937 -0.495999753 0.506630599
1756483994349880576.000000 1.902212262 0.678349912 0.013286391 -0.504177749 0.493025184 -0.495128542 0.507521987
1756483994816309504.000000 1.948931217 0.678302407 0.012383996 -0.503699601 0.492722511 -0.495073378 0.508343995
1756483995216073728.000000 1.987292886 0.678068817 0.012419358 -0.503792405 0.491152853 -0.495143473 0.509700894
1756483995716389376.000000 2.037183285 0.677148402 0.013171252 -0.504201293 0.491713554 -0.494480044 0.509400010
1756483996150172928.000000 2.071344852 0.677020192 0.011537688 -0.499031603 0.498926669 -0.500579000 0.501458287
1756483996618087168.000000 2.076608181 0.664410651 0.011705773 0.457883567 -0.534947753 0.538336158 -0.462998718
1756483997086563584.000000 2.081598282 0.651622117 0.012252644 0.413244009 -0.571040094 0.574266613 -0.416365772
1756483997487505920.000000 2.083362579 0.639683187 0.012077773 0.374124378 -0.596758783 0.601053119 -0.377683729
1756483997954071040.000000 2.084078789 0.623342276 0.011991614 0.327355891 -0.624844432 0.628161490 -0.328360736
1756483998353965568.000000 2.081782818 0.609845519 0.011447057 0.286127687 -0.645272076 0.648090780 -0.285890222
1756483998553915392.000000 2.080974102 0.602728367 0.011278164 0.263523519 -0.655543685 0.657192647 -0.262518078
1756483998753859328.000000 2.081253290 0.594469786 0.010665813 0.237994939 -0.665315509 0.666872680 -0.236631900
1756483999020445184.000000 2.076510906 0.586898267 0.011094559 0.209331349 -0.674363434 0.677109480 -0.207212999
1756483999320342016.000000 2.072807550 0.578805745 0.009498959 0.176330149 -0.682866573 0.687358379 -0.173607215
1756483999520726784.000000 2.070882797 0.566606104 0.011089329 -0.149496168 0.685480237 -0.696533084 0.150364652
1756483999721162496.000000 2.076245308 0.540359616 0.008512072 -0.123791084 0.693842947 -0.698795676 0.122239158
1756484000088661248.000000 2.077361584 0.500332832 0.006939340 0.084610611 -0.703904748 0.700758576 -0.079350933
1756484000622455808.000000 2.066371202 0.495323390 0.007182404 -0.024649821 0.703984141 -0.709502339 0.020131366
1756484002623828480.000000 2.003640413 0.482832789 0.010697617 -0.206682682 -0.674327791 0.675349891 0.215561762
1756484005126131968.000000 1.870830655 0.495833337 0.007395645 -0.465546757 -0.526346266 0.527042329 0.477966845
1756484008093060608.000000 1.566876769 0.511488438 0.008032847 -0.506796777 -0.494350493 0.488394856 0.510142326
1756484011058526464.000000 1.272574425 0.520168364 0.004890099 -0.503063142 -0.491657943 0.490156263 0.514729917
1756484013659200256.000000 1.012955308 0.526188612 0.002088319 -0.492839724 -0.499585122 0.501090944 0.506390750
1756484016326889216.000000 0.747111619 0.537629366 0.004329287 -0.500026762 -0.490356326 0.493910342 0.515341163
1756484019025694720.000000 0.474162906 0.551335216 0.007913302 -0.496828049 -0.492283076 0.498453647 0.512214065
1756484020592834560.000000 0.313680619 0.559771657 0.006759025 -0.493670136 -0.494865417 0.499829680 0.511437476
1756484021094064640.000000 0.261196256 0.559667230 0.007532793 -0.493098021 -0.495906711 0.500501215 0.510322928
1756484021595155456.000000 0.215923250 0.548259437 0.009874833 0.455356419 0.533146679 -0.535329640 -0.470985502
1756484022129017856.000000 0.172973797 0.521117985 0.009221883 -0.409279019 -0.574172854 0.571755290 0.419418663
1756484022629297152.000000 0.185702279 0.511589289 0.010080980 -0.363908976 -0.601710677 0.603883386 0.375285864
1756484025195982336.000000 0.217055514 0.443935573 0.010573741 -0.082029723 -0.700701535 0.702862680 0.090953700
1756484026228940800.000000 0.247396842 0.455985725 0.009843368 -0.039512236 0.703459203 -0.708879173 0.032776028
1756484026662049024.000000 0.259115547 0.463190198 0.009005800 -0.089701831 0.699302256 -0.704268336 0.083283313
1756484027162559232.000000 0.267476141 0.473857492 0.009073943 -0.146066174 0.689468145 -0.695177495 0.141515508
1756484027629324288.000000 0.276661247 0.484797448 0.007798912 -0.198964432 0.676454723 -0.681457877 0.196054384
1756484028194996736.000000 0.282536596 0.500799239 0.007760253 -0.261543304 0.653881133 -0.660410523 0.260562181
1756484028694381312.000000 0.285985857 0.513091087 0.005611708 -0.315333545 0.629877031 -0.635847569 0.315464139
1756484029227563264.000000 0.284788638 0.530397356 0.007477963 -0.370823473 0.598761916 -0.604525328 0.372187257
1756484029760815616.000000 0.277685761 0.546194077 0.009933311 -0.421822548 0.563873410 -0.569054723 0.424604952
1756484030294145024.000000 0.270258963 0.563680053 0.012231629 -0.468632489 0.523921013 -0.530300140 0.473995954
1756484030827892992.000000 0.312947214 0.570763290 0.013494266 -0.497700483 0.499652684 -0.502578735 0.500056148
1756484031328519424.000000 0.359707057 0.569793284 0.013793498 -0.498025090 0.497753143 -0.501393259 0.502809763
1756484031862046208.000000 0.409139216 0.573536396 0.013892932 -0.506971061 0.490212679 -0.493458360 0.509088099
1756484032428710400.000000 0.463790357 0.574124992 0.013399929 -0.506815732 0.490593076 -0.494014293 0.508336604
1756484032929237760.000000 0.512403131 0.573927999 0.012559751 -0.507333755 0.492204010 -0.493255556 0.506997645
1756484033463250432.000000 0.560549915 0.574615300 0.012752030 -0.506661892 0.490167618 -0.493322015 0.509571195
1756484034029192192.000000 0.615659356 0.575357616 0.011886006 -0.505579412 0.489159554 -0.495368421 0.509629786
1756484034595266816.000000 0.668591440 0.579009414 0.011521654 -0.514172375 0.480817318 -0.485041440 0.518822134
1756484035096502016.000000 0.716473579 0.580525637 0.011228129 -0.513842165 0.481121361 -0.486156404 0.517822802
1756484035630812672.000000 0.768713534 0.582099140 0.010488860 -0.514982581 0.481305003 -0.485046268 0.517560244
1756484036229895424.000000 0.825967491 0.584008098 0.010669790 -0.514344931 0.481085747 -0.484973282 0.518465757
1756484036796706560.000000 0.878562272 0.586413801 0.011447560 -0.514061928 0.480376393 -0.485217959 0.519174635
1756484037297971200.000000 0.925737500 0.588058472 0.011393504 -0.514104128 0.479880184 -0.485402942 0.519418955
1756484037831911936.000000 0.979234099 0.591030002 0.010708656 -0.514815927 0.481821358 -0.486304194 0.516062975
1756484038431908864.000000 1.035781622 0.592253029 0.010699896 -0.513570368 0.480941087 -0.487267733 0.517214954
1756484038965790720.000000 1.086553574 0.593275964 0.009884225 -0.513103008 0.480983734 -0.487164170 0.517736495
1756484039499823360.000000 1.138640165 0.595023155 0.009527491 -0.512153864 0.480952740 -0.487707853 0.518193007
1756484040065771520.000000 1.193399787 0.597519755 0.009809300 -0.512547255 0.481716424 -0.488300353 0.516534150
1756484040631845120.000000 1.248340726 0.597654581 0.009878645 -0.512293279 0.481826693 -0.486256629 0.518607020
1756484041166480384.000000 1.300275326 0.600666344 0.009445887 -0.513299346 0.481316894 -0.485680401 0.518625379
1756484041667345152.000000 1.348127484 0.602769434 0.010111671 -0.511726499 0.481355637 -0.486685365 0.519201517
1756484042233152512.000000 1.400748849 0.604978561 0.010024292 -0.511189342 0.480095804 -0.487549871 0.520085335
1756484042799847424.000000 1.456058860 0.607377768 0.009775577 -0.511707246 0.479889899 -0.487992108 0.519350767
1756484043301113344.000000 1.504778385 0.608977199 0.010810163 -0.512789071 0.479673177 -0.486198425 0.520165563
1756484043801493504.000000 1.552898526 0.612444401 0.011877581 -0.512394249 0.479724109 -0.487555206 0.519236863
1756484044367290624.000000 1.609215260 0.614787817 0.010644643 -0.511791050 0.479700714 -0.487500548 0.519904196
1756484044933098240.000000 1.663938999 0.616669953 0.011693127 -0.511286914 0.479165882 -0.488577843 0.519882202
1756484045465569024.000000 1.716153860 0.619423628 0.013006151 -0.512973964 0.478577912 -0.487406343 0.519861460
1756484045965808896.000000 1.767297506 0.620450258 0.013088465 -0.514827728 0.480040967 -0.484659463 0.519247949
1756484046466305024.000000 1.817773700 0.619518459 0.011795010 -0.514668167 0.480104625 -0.483916998 0.520039082
1756484047066262784.000000 1.875774145 0.622618079 0.011634434 -0.513597250 0.478798777 -0.484479606 0.521775007
1756484047632850944.000000 1.932689071 0.625161171 0.011534031 -0.514827013 0.478974819 -0.483147621 0.521636426
1756484048166700288.000000 1.984594703 0.627969086 0.011906397 -0.515362263 0.478023797 -0.482517838 0.522562504
1756484048700663808.000000 2.023289442 0.624937475 0.010614013 -0.490954340 0.502272546 -0.507876396 0.498746008
1756484049235180544.000000 2.031622171 0.610452414 0.012607096 0.445487231 -0.545387268 0.549819231 -0.449213535
1756484049769096448.000000 2.037096024 0.593905807 0.013229346 0.396268040 -0.584136784 0.587423623 -0.395840198
1756484050301479936.000000 2.036463022 0.575101078 0.011553783 -0.342299968 0.616303980 -0.621366858 0.341911554
1756484050834731520.000000 2.053688765 0.542620420 0.009668991 0.284974515 -0.645620227 0.649756312 -0.282455146
1756484051302462208.000000 2.078909874 0.497262686 0.009423105 -0.235490888 0.662220240 -0.671634316 0.234341279
1756484051869511424.000000 2.078859806 0.472434968 0.009217439 -0.177380353 0.682078481 -0.687622011 0.174588427
1756484052401897984.000000 2.067103148 0.459011823 0.007729804 -0.114259548 0.693306446 -0.702676237 0.111879542
1756484052901956864.000000 2.056815624 0.447525769 0.007120946 -0.057180490 0.700242996 -0.709676683 0.052433327
1756484054468922368.000000 2.005205154 0.330047220 0.007525606 0.126582786 0.692889094 -0.697570622 -0.131441087
1756484057166721792.000000 1.928368092 0.353624284 0.006396588 0.415904820 0.567101479 -0.569751561 -0.425208688
1756484058265979648.000000 1.873754382 0.382544935 0.009966814 -0.514404893 -0.478343755 0.479613066 0.525876522
1756484061031870464.000000 1.600280046 0.398355305 0.007737860 -0.507359624 -0.488185793 0.487404794 0.516427517
1756484063201610240.000000 1.384974122 0.410045296 0.005482516 -0.506450295 -0.489720941 0.488745362 0.514596403
1756484064269170944.000000 1.279111862 0.414194584 0.005253620 -0.506319165 -0.490441412 0.488526285 0.514247298
1756484066338259456.000000 1.072695851 0.424641341 0.004072081 -0.506376624 -0.488289267 0.489146769 0.515646935
1756484068940691712.000000 0.812528551 0.436128497 0.004074991 -0.504330695 -0.488433748 0.491805434 0.514985800
1756484071672189184.000000 0.538830876 0.447502971 0.005178201 -0.501333952 -0.489122659 0.493435055 0.515698731
1756484072172807680.000000 0.489426315 0.452104956 0.007320241 -0.502201676 -0.489443034 0.493745953 0.514250934
1756484073207546880.000000 0.385927379 0.456290931 0.006867685 -0.499876738 -0.489024341 0.495217413 0.515498102
1756484073708186368.000000 0.334444970 0.460131139 0.006343764 -0.498020023 -0.490558445 0.496420622 0.514679611
1756484074840114176.000000 0.218756557 0.469120294 0.007618207 -0.498343021 -0.490241110 0.496191978 0.514889717
1756484075373949696.000000 0.164450407 0.471142322 0.006505055 -0.501069605 -0.493983030 0.492895156 0.511824608
1756484075874091008.000000 0.139087945 0.472716331 0.005974123 -0.499929667 -0.494004577 0.494093210 0.511763394
1756484076439778560.000000 0.092550218 0.474331975 0.006438895 -0.492671371 -0.498183429 0.501174092 0.507851124
1756484077005797888.000000 0.103032783 0.457030624 0.008280883 0.444595933 0.542173982 -0.545572281 -0.459056497
1756484077572314624.000000 0.116870195 0.442144215 0.009433983 0.391933054 0.581280589 -0.586388946 -0.405770123
1756484078073035008.000000 0.130060866 0.431798130 0.007558251 0.341810256 0.612207830 -0.618507445 -0.354705453
1756484080806638080.000000 0.111839622 0.323800445 0.009265454 0.099076450 0.696985006 -0.701794803 -0.108994536
1756484081874726144.000000 0.142808259 0.336168706 0.007843507 -0.026542144 0.703703582 -0.709743977 0.018982852
1756484082409335040.000000 0.152838111 0.342333913 0.007499525 0.088914700 -0.699512422 0.704064429 -0.084083050
1756484082943390208.000000 0.165453479 0.355579078 0.007801041 0.151343122 -0.688766837 0.693392217 -0.147996277
1756484083509197824.000000 0.175095141 0.370713055 0.007448928 -0.215635061 0.671118021 -0.676498473 0.213194549
1756484084009281536.000000 0.181673408 0.384150177 0.006390082 -0.272961825 0.649761915 -0.655659437 0.270946711
1756484084510548992.000000 0.185317233 0.399047941 0.006823653 -0.327646166 0.624533176 -0.629429817 0.326227516
1756484085044880128.000000 0.185241476 0.417260677 0.006658373 -0.378905535 0.593451440 -0.600378156 0.379199207
1756484085545358848.000000 0.179951906 0.433325976 0.007839505 -0.427131832 0.559488475 -0.566166222 0.428936839
1756484086111754240.000000 0.203767806 0.444855720 0.012252402 -0.480052471 0.514338195 -0.520120740 0.484231710
1756484086644116224.000000 0.246952415 0.456915885 0.011667958 -0.518407404 0.476209909 -0.479639500 0.523854792
1756484087177439744.000000 0.300035626 0.458538115 0.011333382 -0.510833383 0.483701050 -0.489218771 0.515507162
1756484087677815040.000000 0.346146822 0.459784269 0.012626827 -0.510542154 0.485311687 -0.489675134 0.513845921
1756484088211993088.000000 0.397908181 0.461319238 0.012379926 -0.510316551 0.486395925 -0.490070164 0.512666881
1756484088746440704.000000 0.452084035 0.458836645 0.011867063 -0.502434254 0.496107072 -0.497430950 0.503984153
1756484089280424960.000000 0.502373219 0.458888382 0.011362987 -0.502157927 0.495122164 -0.498397350 0.504273415
1756484089781046784.000000 0.551124275 0.457671940 0.010967093 -0.502557695 0.495935589 -0.498101145 0.503367543
1756484090380197120.000000 0.607731283 0.456765026 0.010780763 -0.500988305 0.495978206 -0.501405358 0.501606524
1756484090945816320.000000 0.662663102 0.455334097 0.010669395 -0.501716554 0.495864004 -0.500041008 0.502352834
1756484091512211200.000000 0.716494560 0.454523385 0.010178914 -0.501032472 0.494872004 -0.500958264 0.503099442
1756484092078375936.000000 0.771348178 0.454260409 0.009853765 -0.501715243 0.494206518 -0.500431120 0.503597498
1756484092610807552.000000 0.819528341 0.453955740 0.010050958 -0.501807928 0.492252171 -0.501166940 0.504686356
1756484093176522240.000000 0.876200140 0.453739583 0.009610523 -0.502018213 0.493282676 -0.501276135 0.503360808
1756484093775473920.000000 0.933009148 0.453212798 0.010025358 -0.502384722 0.492732763 -0.500366211 0.504438102
1756484094341906944.000000 0.989491940 0.452066541 0.009279903 -0.502968252 0.494035691 -0.498953938 0.503980815
1756484094908439040.000000 1.042692304 0.451688737 0.009474512 -0.502630353 0.492508024 -0.499116808 0.505649149
1756484095474328064.000000 1.097372890 0.450347841 0.008848682 -0.501414776 0.493604213 -0.501197398 0.503725350
1756484096073451776.000000 1.154327750 0.449068695 0.008219592 -0.500764549 0.492788345 -0.500910282 0.505453765
1756484096639300096.000000 1.210507989 0.448528618 0.007818596 -0.500991225 0.493026823 -0.501437187 0.504473090
1756484097205642240.000000 1.263871670 0.446708560 0.008135524 -0.499632776 0.491514683 -0.502273083 0.506460547
1756484097772353792.000000 1.318814039 0.445920110 0.007722750 -0.500149310 0.492215782 -0.501326144 0.506208003
1756484098306871552.000000 1.370250463 0.445281833 0.008190142 -0.499996096 0.491689324 -0.501838565 0.506363213
1756484098841771008.000000 1.422123075 0.443699419 0.008555351 -0.499041051 0.491950631 -0.502925992 0.505972385
1756484099342456832.000000 1.471156240 0.444477797 0.008109843 -0.500365376 0.490264177 -0.501189709 0.508020222
1756484099843158016.000000 1.521848321 0.445346981 0.008132044 -0.501150966 0.490403712 -0.501174271 0.507125616
1756484100376562432.000000 1.574622154 0.444079369 0.008276954 -0.499422401 0.490698487 -0.503287375 0.506452501
1756484100909995776.000000 1.625675082 0.444215447 0.008916257 -0.499076366 0.490471095 -0.502837300 0.507459939
1756484101444773632.000000 1.679447532 0.443774372 0.009064404 -0.501232803 0.491643518 -0.501072645 0.505943239
1756484101946057216.000000 1.727944493 0.445998669 0.008505320 -0.500812590 0.491504669 -0.500332713 0.507224917
1756484102478788864.000000 1.780809045 0.447212785 0.009652775 -0.500904739 0.493796408 -0.499189794 0.506032765
1756484103044965632.000000 1.836922288 0.447255105 0.009374350 -0.501549959 0.494286686 -0.498324394 0.505767941
1756484103578471424.000000 1.888508201 0.446147978 0.010258017 -0.502113819 0.493142039 -0.498328775 0.506321132
1756484104112038144.000000 1.938776731 0.435103118 0.009163456 0.475980610 -0.520893753 0.523362696 -0.477706790
1756484104612325376.000000 1.941493988 0.420234323 0.009819057 -0.431935996 0.555973530 -0.561339855 0.434996963
1756484105113065472.000000 1.943666697 0.405008763 0.009838035 -0.383128881 0.590989172 -0.596714437 0.384546608
1756484105647920128.000000 1.945676208 0.388476402 0.007722236 -0.329730630 0.621587455 -0.629141986 0.330283523
1756484106149112576.000000 1.944329381 0.371126175 0.007436628 -0.274796605 0.648130238 -0.655516446 0.273335278
1756484106683396608.000000 1.965846539 0.319408000 0.006510817 -0.213696584 0.670166254 -0.678601801 0.211448625
1756484107250927104.000000 1.970050216 0.284890860 0.006800329 -0.156056419 0.686179519 -0.694000781 0.152207255
1756484107818410752.000000 1.957016468 0.272249162 0.007239338 -0.088881597 0.697496533 -0.705953062 0.085023768
1756484108384796416.000000 1.947184086 0.216076523 0.007903773 -0.017461425 0.703384697 -0.710467041 0.013477652
1756484109483354880.000000 1.913434267 0.178607777 0.007240219 0.106950641 0.694464087 -0.702517986 -0.112915054
1756484112246465792.000000 1.832333207 0.199152306 0.007501306 0.404045165 0.575763643 -0.579331875 -0.411847502
1756484113279233280.000000 1.804009438 0.222624376 0.009710705 -0.497616082 -0.493679017 0.498535842 0.510020971
1756484115980356352.000000 1.533579350 0.230135471 0.007298033 -0.497897595 -0.497931749 0.496014833 0.508066177
1756484118781623296.000000 1.256142735 0.245237470 0.006131114 -0.505439460 -0.490045309 0.490309805 0.513792694
1756484121512947968.000000 0.983616650 0.256608158 0.003227678 -0.502152562 -0.488950700 0.493710160 0.514801323
1756484124184213760.000000 0.718407989 0.266659826 0.002042553 -0.499429524 -0.490569353 0.497289062 0.512460113
1756484127017670912.000000 0.438070804 0.273290515 0.005979388 -0.497508407 -0.492551446 0.498352677 0.511393309
1756484127583919360.000000 0.380894631 0.274563253 0.005586169 -0.497512251 -0.493132263 0.497249931 0.511903048
1756484128684695296.000000 0.269971341 0.276802778 0.006033604 -0.497209042 -0.494149387 0.497732937 0.510746002
1756484129218712576.000000 0.215633720 0.278263271 0.006119252 -0.497133166 -0.494258612 0.497822255 0.510627091
1756484129718951424.000000 0.167833254 0.279767752 0.007511332 -0.496039033 -0.493640065 0.498031676 0.512083292
1756484130252822272.000000 0.114271253 0.280258834 0.007219859 -0.496868849 -0.493997365 0.496730506 0.512198031
1756484130753692160.000000 0.098221377 0.274266332 0.007287666 -0.473696679 -0.517925978 0.519010127 0.487845033
1756484131820078080.000000 0.122080661 0.249622554 0.006961732 0.375271350 0.593519449 -0.597053289 -0.387857705
1756484132320237312.000000 0.136308640 0.240508139 0.007459816 0.324258089 0.623047531 -0.627360523 -0.336284637
1756484135021486848.000000 0.178220391 0.157494918 0.005271692 0.020207359 0.704396188 -0.708992660 -0.027332578
1756484135554310912.000000 0.193273574 0.166354746 0.005043527 -0.043288223 0.703133881 -0.708765447 0.037154060
1756484136120317952.000000 0.204375774 0.176861286 0.005840901 -0.109904528 0.696135163 -0.701497257 0.105917431
1756484136386705920.000000 0.209817454 0.183712795 0.006583137 -0.139880091 0.690867066 -0.695964694 0.137001663
1756484136985992704.000000 0.218710110 0.200828850 0.006994335 -0.208284542 0.672527552 -0.679185390 0.207440376
1756484137585341696.000000 0.225003362 0.215875134 0.006028585 -0.274686158 0.648409545 -0.654787779 0.274527937
1756484138151473152.000000 0.238389999 0.227852255 0.005514020 -0.337841362 0.614644408 -0.625348628 0.342073977
1756484138651652352.000000 0.280038714 0.219690531 0.005531821 -0.387665004 0.585648596 -0.593917608 0.392420024
1756484139185072128.000000 0.319037676 0.219432250 0.007373843 -0.435827672 0.550556481 -0.558314383 0.441844821
1756484139784564224.000000 0.374470890 0.206623986 0.006599341 -0.446340472 0.543805063 -0.549783051 0.450327396
1756484140284911872.000000 0.418576658 0.204430923 0.006862296 -0.462732404 0.530832291 -0.536188006 0.465401053
1756484140786496512.000000 0.460186034 0.204913676 0.007500216 0.489767462 -0.506029665 0.510180593 -0.493738323
1756484141287330048.000000 0.507359922 0.202599928 0.006972793 -0.489344209 0.506491125 -0.511346519 0.492477238
1756484141886814208.000000 0.564483285 0.198283419 0.007299889 -0.488553613 0.504773498 -0.512249649 0.494084537
1756484142453931776.000000 0.616151631 0.205103695 0.008343317 -0.506478488 0.487655222 -0.495205581 0.510336637
1756484143021628928.000000 0.672358036 0.197152987 0.007889353 -0.489176989 0.504418910 -0.511115313 0.495003700
1756484143587892736.000000 0.726938248 0.193616480 0.008412164 0.488976657 -0.505888760 0.509628177 -0.495234698
1756484144153976320.000000 0.780713618 0.189949378 0.008218849 -0.488686413 0.505489647 -0.510150909 0.495390534
1756484144687510016.000000 0.830643594 0.186792403 0.008909443 0.490770102 -0.503931403 0.507953703 -0.497172982
1756484145254232576.000000 0.886213839 0.182643503 0.009206565 0.491142064 -0.504815996 0.506996930 -0.496884763
1756484145820406016.000000 0.939279497 0.179055020 0.008503476 0.491779923 -0.503767252 0.505499840 -0.498839706
1756484146353630208.000000 0.989223063 0.177190304 0.008921916 -0.491592079 0.501564741 -0.505529940 0.501208186
1756484146853961984.000000 1.036906242 0.175419971 0.007844541 0.492353678 -0.502136707 0.505561769 -0.499853909
1756484147387306752.000000 1.087469220 0.172853306 0.006647948 -0.491443127 0.500716567 -0.506428480 0.501295030
1756484147986922496.000000 1.146313906 0.170994401 0.005396686 -0.489595801 0.501393735 -0.508749127 0.500074506
1756484148520537856.000000 1.196537971 0.168167844 0.005064335 -0.490461826 0.500525534 -0.507941008 0.500916481
1756484149054384384.000000 1.247768164 0.166424870 0.004633663 -0.489054412 0.501144528 -0.510001659 0.499578208
1756484149588786432.000000 1.299805999 0.164540038 0.005372306 -0.491277069 0.500458777 -0.508367300 0.499750674
1756484150156671744.000000 1.356082201 0.161448181 0.004569985 -0.492853612 0.500636220 -0.506923139 0.499487430
1756484150691271424.000000 1.408219576 0.159915075 0.006090112 -0.494885027 0.500653386 -0.506236792 0.498156041
1756484151192285952.000000 1.456569076 0.158145979 0.005935093 -0.493504107 0.500776827 -0.506870151 0.498757511
1756484151791823360.000000 1.516163349 0.155567124 0.006913653 -0.492713004 0.502343953 -0.507537842 0.497282475
1756484152325216256.000000 1.567225099 0.154091582 0.007809503 -0.491336197 0.503462315 -0.508352757 0.496681064
1756484152859444736.000000 1.616792202 0.154123142 0.008195706 -0.487971187 0.501865149 -0.513091505 0.496742010
1756484153360226048.000000 1.665179491 0.151355520 0.009253059 -0.489111722 0.501129091 -0.513176382 0.496275425
1756484153860955904.000000 1.712906003 0.149075374 0.009004479 -0.487310708 0.499624282 -0.516012371 0.496623635
1756484154394846976.000000 1.764946342 0.145618424 0.010390708 -0.488631368 0.500386715 -0.513782024 0.496870846
1756484154895108352.000000 1.816826463 0.141782537 0.011001566 -0.491181076 0.503471673 -0.511004508 0.494096994
1756484155428245760.000000 1.843053102 0.130127430 0.010786567 -0.455253035 0.536307633 -0.544643879 0.456598043
1756484155494818560.000000 1.845182180 0.128831044 0.010533949 -0.450708121 0.541644692 -0.549118519 0.449390858
1756484156060612096.000000 1.879514337 0.099260122 0.009621480 -0.392887533 0.581803620 -0.594245672 0.392448723
1756484156660427264.000000 1.931467533 0.051511310 0.008323632 -0.336300850 0.620677173 -0.626057088 0.331231266
1756484157193776640.000000 1.927351952 0.037797142 0.008000763 -0.281595945 0.644052982 -0.654002368 0.279607803
1756484157726511872.000000 1.922254562 0.024158524 0.007969448 -0.222590268 0.666039705 -0.677289426 0.219371110
1756484158259297536.000000 1.913320899 0.005979030 0.007100213 -0.159572452 0.682776749 -0.695668578 0.156198159
1756484158792799488.000000 1.903640270 -0.007540766 0.005795330 -0.100165620 0.693860233 -0.706727147 0.095192626
1756484159092916480.000000 1.896112919 -0.013407115 0.007249689 -0.063995861 0.697471023 -0.711233377 0.059881650
1756484159625891072.000000 1.880066395 -0.024510495 0.006562147 -0.002231323 0.701920271 -0.712247372 -0.002578157
1756484162325617408.000000 1.793186903 -0.030962475 0.006828359 0.305785418 0.632134438 -0.639422596 -0.313113660
1756484165124660992.000000 1.579076290 0.003990298 0.007450717 -0.507755995 -0.490475386 0.490414470 0.510990679
1756484167224886272.000000 1.372344017 0.011441338 0.005784420 -0.503800213 -0.491721034 0.493028671 0.511193156
1756484169960734720.000000 1.097994685 0.021564456 0.001208621 -0.503416181 -0.490629733 0.488870621 0.516585171
1756484172663767040.000000 0.831229091 0.033064172 0.001863578 -0.499561101 -0.491461694 0.491655350 0.516893864
1756484174797881088.000000 0.618619263 0.040263988 0.005590582 -0.499692440 -0.490342766 0.492477477 0.517046750
1756484176999307264.000000 0.401648879 0.044371523 0.005771322 -0.498114020 -0.494655609 0.495809615 0.511244714
1756484177533087488.000000 0.350198567 0.044099711 0.005793634 -0.496580124 -0.496490568 0.497931510 0.508890510
1756484178099002368.000000 0.294362247 0.043911602 0.006161438 -0.496527076 -0.495399714 0.497768521 0.510163128
1756484178664944896.000000 0.239711821 0.043654636 0.005593638 -0.496822864 -0.500387132 0.496798217 0.505936086
1756484179264135936.000000 0.249376550 0.028086819 0.005010043 -0.445117414 -0.543165565 0.544955850 0.458110154
1756484179831190016.000000 0.263455838 0.013392736 0.005034616 -0.390903533 -0.584110737 0.585668564 0.403734297
1756484180930870016.000000 0.256076276 -0.038231689 0.005225252 0.272208154 0.648375511 -0.651784241 -0.284058571
1756484181496911360.000000 0.234641448 -0.082790226 0.005617006 -0.210130513 -0.672493100 0.675164521 0.218520269
1756484182029660928.000000 0.248100132 -0.085656106 0.004248753 -0.153751090 -0.687537134 0.691061139 0.161517233
1756484182595720960.000000 0.266441017 -0.082643434 0.004420200 0.087674960 0.699002206 -0.703282654 -0.095407218
1756484183161763584.000000 0.282507509 -0.078393251 0.005299188 0.019574363 0.700700879 -0.712756574 -0.024763040
1756484183694541568.000000 0.294962555 -0.099139251 0.005189316 0.039145861 -0.704473138 0.707825840 -0.034173675
1756484184227261952.000000 0.306859255 -0.087970309 0.005216323 0.102346927 -0.697571456 0.702020347 -0.100431807
1756484184760732928.000000 0.317495227 -0.075201064 0.005379479 0.165886626 -0.685875177 0.689351261 -0.163864940
1756484185260976384.000000 0.324503601 -0.062542066 0.006120428 0.221346810 -0.669604599 0.673839688 -0.220398352
1756484185827211008.000000 0.329822689 -0.045793116 0.004992228 -0.284482449 0.644447029 -0.649665356 0.285819560
1756484186393559552.000000 0.334450513 -0.028489653 0.004644493 -0.342979282 0.614838779 -0.621237516 0.344096631
1756484186960598016.000000 0.331792086 -0.011205347 0.005069809 -0.397109002 0.579213440 -0.587194979 0.402514845
1756484187461162496.000000 0.334101230 0.004745062 0.005189355 -0.447392046 0.537886560 -0.549763680 0.456375301
1756484187962119936.000000 0.381364584 0.002605006 0.003206860 -0.468820930 0.523250759 -0.530452549 0.474379212
1756484188463256320.000000 0.426403552 0.000532497 0.001690937 -0.485452890 0.508879125 -0.514723003 0.490344524
1756484188998297088.000000 0.473974615 0.001532232 0.000854807 -0.494572639 0.500347495 -0.505873919 0.499141127
1756484189065191424.000000 0.481138915 0.001373395 0.000578552 -0.494889289 0.501044273 -0.505629539 0.498375446
1756484189599094528.000000 0.529104292 -0.001912407 0.001605747 -0.493848354 0.498766690 -0.504274428 0.503043532
1756484190131984384.000000 0.579802096 -0.001806214 0.003092552 -0.497102171 0.498052537 -0.501839280 0.502981544
1756484190632826368.000000 0.626504958 -0.003231432 0.003040286 -0.497929275 0.497287780 -0.499655247 0.505090117
1756484191134486272.000000 0.673339903 -0.002530988 0.002712345 -0.502746761 0.493245751 -0.495109051 0.508745015
1756484191668176128.000000 0.723831654 -0.001394890 0.003214801 -0.503539681 0.492643058 -0.495554686 0.508110404
1756484192234364928.000000 0.779894412 -0.000605886 0.002519550 -0.504239500 0.491753519 -0.494351745 0.509448051
1756484192802461440.000000 0.834278703 -0.001587966 0.003156276 -0.504721999 0.491005480 -0.493353873 0.510657787
1756484193337572608.000000 0.885046661 -0.001918031 0.003688125 -0.504087627 0.491250962 -0.494649529 0.509794176
1756484193437501440.000000 0.894494653 -0.001229485 0.003436955 -0.504332662 0.490484923 -0.495018393 0.509931326
1756484194003718656.000000 0.949139178 -0.001643159 0.003206765 -0.504045010 0.490396976 -0.494373292 0.510925114
1756484194536614400.000000 1.000052571 -0.000843439 0.003500184 -0.502724230 0.489166051 -0.496242911 0.511593580
1756484195102828544.000000 1.054099560 -0.000584320 0.003051091 -0.503548861 0.488733143 -0.496328324 0.511113167
1756484195635819776.000000 1.105574727 -0.000822295 0.003572153 -0.502307236 0.488861173 -0.497920126 0.510664165
1756484196202182656.000000 1.159129381 -0.000808354 0.002889747 -0.502579451 0.487206161 -0.497378469 0.512502491
1756484196768458752.000000 1.214746714 -0.002462234 0.002775872 -0.495513231 0.494033843 -0.504736483 0.505606949
1756484197334680832.000000 1.270453811 -0.009675679 0.003298990 -0.487037659 0.504035950 -0.513368785 0.495171398
1756484197868944640.000000 1.322841287 -0.013992495 0.003755495 -0.486425042 0.505020440 -0.514315844 0.493785739
1756484198403069696.000000 1.372403264 -0.012913490 0.003733810 -0.495423406 0.493638992 -0.505970836 0.504846156
1756484198935885568.000000 1.425241113 -0.016447634 0.003535550 -0.494059652 0.495636314 -0.506521702 0.503672063
1756484199535262720.000000 1.481619716 -0.017897028 0.003669394 -0.494887263 0.494003952 -0.505994856 0.504991055
1756484200101352960.000000 1.535252929 -0.019506317 0.004673377 -0.494707853 0.492952555 -0.506099820 0.506087840
1756484200634146048.000000 1.585570931 -0.020357795 0.005834054 -0.495574534 0.491298020 -0.505008638 0.507935405
1756484201233511424.000000 1.643671155 -0.020447209 0.008114833 -0.496463358 0.491601855 -0.504617989 0.507161081
1756484201799613440.000000 1.697483540 -0.019336510 0.009174606 -0.496584415 0.490724802 -0.505248189 0.507264674
1756484202399115264.000000 1.758294463 -0.019330239 0.008981535 -0.500272334 0.491933435 -0.501802802 0.505888402
1756484202899862784.000000 1.807176828 -0.020029660 0.009450831 -0.500720859 0.492305487 -0.501723826 0.505160511
1756484203433964800.000000 1.858945131 -0.020889156 0.009878654 -0.502396762 0.491706997 -0.499672323 0.506111979
1756484203934809600.000000 1.908607721 -0.020582732 0.009767797 -0.502717674 0.491920203 -0.500099599 0.505163133
1756484204435662336.000000 1.960766554 -0.024538184 0.008946350 -0.490989745 0.506796539 -0.511950910 0.489890426
1756484204969150976.000000 1.963436842 -0.038596038 0.009310525 -0.444346905 0.541914761 -0.554035664 0.449364930
1756484205535843328.000000 1.971950054 -0.055108339 0.008509612 -0.391426682 0.584009469 -0.594260752 0.390605211
1756484206068680960.000000 1.972320676 -0.071890362 0.009482387 -0.339569896 0.616046011 -0.625833333 0.336915761
1756484206601790976.000000 1.967664719 -0.088217564 0.009254020 -0.280808061 0.642809689 -0.655364633 0.280071080
1756484207135422208.000000 1.963381052 -0.107399479 0.009484552 -0.223223522 0.666396260 -0.676623523 0.219699591
1756484207635424512.000000 1.956298470 -0.121662274 0.008302586 -0.163912743 0.682296336 -0.694290042 0.159893066
1756484208168379904.000000 1.946501017 -0.137057304 0.007719979 -0.104175918 0.695193708 -0.704271793 0.099269480
1756484208601699072.000000 1.934644699 -0.146019518 0.007384753 -0.052044477 0.699393690 -0.711285472 0.047041271
1756484209135466240.000000 1.918782115 -0.156959489 0.007470071 0.011463361 0.702846050 -0.711045444 -0.017039748
1756484209635597824.000000 1.904037833 -0.162800446 0.008637065 0.072146259 0.698718429 -0.707633555 -0.076435581
1756484210168693248.000000 1.886744261 -0.167299449 0.008163387 0.132438004 0.689894736 -0.698145986 -0.138194665
1756484210668482304.000000 1.868625879 -0.168444380 0.007374564 0.189751402 0.675795376 -0.684852839 -0.195631489
1756484211268228608.000000 1.848961949 -0.165523633 0.008270761 0.255610317 0.654462814 -0.661250651 -0.262848794
1756484211801349888.000000 1.808572054 -0.177196205 0.008711484 0.317150056 0.626612186 -0.632955849 -0.325791419
1756484212334443008.000000 1.751181841 -0.194203734 0.007528628 0.369949907 0.596957505 -0.602422297 -0.379296958
1756484212902117376.000000 1.688596368 -0.207301304 0.005372087 0.403734356 0.576434970 -0.579174638 -0.411434203
1756484213469899264.000000 1.634737134 -0.225267813 0.004635626 -0.403351635 -0.578554392 0.580088973 0.407528073
1756484213970307584.000000 1.576819777 -0.230519950 0.003777711 -0.442821592 -0.551083982 0.548326373 0.446714461
1756484214504241920.000000 1.523661733 -0.235959366 0.003582086 -0.450302869 -0.545093954 0.541567683 0.454757363
1756484215005283840.000000 1.473891020 -0.240208089 0.003914052 -0.458406687 -0.537338376 0.534306228 0.464378834
1756484215506106368.000000 1.422240853 -0.241003007 0.003376541 -0.478920043 -0.516694605 0.517330110 0.485831052
1756484216072408832.000000 1.365467548 -0.240256757 0.002377472 -0.485293657 -0.510540962 0.510071218 0.493624777
1756484216638697984.000000 1.310116410 -0.241584972 0.001894065 -0.483919203 -0.509723663 0.511181891 0.494668663
1756484217171675136.000000 1.257704020 -0.243119761 0.001206083 -0.484153867 -0.510295868 0.509630859 0.495448858
1756484217671959552.000000 1.203404903 -0.243776113 0.001128613 -0.492398828 -0.504717886 0.502349615 0.500447929
1756484218206302464.000000 1.148029685 -0.243438751 0.001718174 -0.495910168 -0.503440738 0.497557640 0.503047705
1756484218740228864.000000 1.093786240 -0.237981409 0.000373458 -0.505016923 -0.492937535 0.489027858 0.512662053
1756484219273904640.000000 1.041534185 -0.236821786 -0.000096316 -0.503733158 -0.492499441 0.490365624 0.513068080
1756484219807426816.000000 0.987723529 -0.228692457 -0.001298990 -0.512671947 -0.480113059 0.481788665 0.523964405
1756484219874109440.000000 0.980965376 -0.228318661 -0.000894342 -0.512725472 -0.480556726 0.480974317 0.524253428
1756484220374241024.000000 0.932673216 -0.225985259 -0.000995614 -0.510879278 -0.480132431 0.483336776 0.524271786
1756484220908513024.000000 0.878591835 -0.223052695 0.000322043 -0.511168540 -0.479830176 0.482735813 0.524819970
1756484221409542912.000000 0.828968704 -0.220156595 0.000678759 -0.509788215 -0.480724692 0.484106988 0.524080336
1756484221910393344.000000 0.780015945 -0.215573549 0.001844677 -0.510633886 -0.480145246 0.482818872 0.524975777
1756484222478053376.000000 0.723477066 -0.211052820 0.001019594 -0.510917246 -0.480148494 0.483192176 0.524353266
1756484222978791168.000000 0.674265027 -0.211816177 0.001753177 -0.499882966 -0.492235214 0.494991332 0.512645304
1756484223479547392.000000 0.624566495 -0.208433256 0.001919335 -0.502333820 -0.490690500 0.492642224 0.513991356
1756484224046776832.000000 0.567747116 -0.207188517 0.003049168 -0.502163291 -0.491339922 0.492554486 0.513621807
1756484224613745408.000000 0.512714565 -0.205877766 0.004284230 -0.501870215 -0.489573807 0.492436111 0.515703857
1756484225179560704.000000 0.455251992 -0.203673437 0.003601233 -0.501329899 -0.491140038 0.493485600 0.513733149
1756484225778629888.000000 0.398931026 -0.203137219 0.004203494 -0.497940809 -0.489979208 0.495656252 0.516042948
1756484225978330368.000000 0.379908681 -0.202564284 0.005219960 -0.496886253 -0.490786165 0.496767908 0.515222967
1756484226544079616.000000 0.323162228 -0.198206946 0.004805146 -0.496285230 -0.494846463 0.498934299 0.509796679
1756484227143209728.000000 0.265091836 -0.195528775 0.005108537 -0.495718449 -0.494126558 0.498632342 0.511339486
1756484227675724288.000000 0.210221872 -0.195411548 0.003960430 -0.495586812 -0.495865315 0.499061316 0.509361446
1756484228208268288.000000 0.156521142 -0.197288662 0.003535582 -0.496608019 -0.495454788 0.498368293 0.509444952
1756484228774458624.000000 0.101292931 -0.196047395 0.004280936 -0.496376663 -0.495748013 0.497539967 0.510194242
1756484229274460160.000000 0.052094210 -0.194568664 0.004650214 -0.498415858 -0.495314389 0.497121006 0.509034395
1756484229840733440.000000 -0.003926871 -0.193153292 0.004063441 -0.496187061 -0.496962965 0.498186976 0.508562565
1756484230406659840.000000 -0.028956078 -0.190927833 0.005353008 -0.495597363 -0.497089148 0.499792665 0.507437646
1756484230939970816.000000 -0.053309578 -0.190015122 0.002918157 -0.497168899 -0.501264453 0.495513648 0.505987406
1756484231440110336.000000 -0.052969649 -0.184095398 0.003692314 -0.515231073 -0.479180753 0.476316690 0.527299881
1756484231940766976.000000 -0.057189908 -0.167985648 0.003691602 -0.550858319 -0.434163362 0.433562696 0.565756857
1756484232441532672.000000 -0.060043555 -0.152554497 0.003346365 -0.586107194 -0.385346740 0.383573204 0.600714564
1756484232942161920.000000 -0.059492186 -0.137154996 0.002290204 -0.617077053 -0.333683223 0.331934303 0.630627513
1756484233442805248.000000 -0.053429373 -0.121073514 0.003721284 -0.640969396 -0.282394499 0.279054731 0.656917155
1756484233977332736.000000 -0.043327730 -0.099849522 0.003574047 -0.662927687 -0.226546571 0.221309111 0.678399444
1756484236211283712.000000 0.006082458 -0.048207834 0.003709163 -0.699890018 0.005850730 -0.009788792 0.714159667
1756484236711558912.000000 0.006044899 -0.048292547 0.003779630 -0.699901938 0.005937216 -0.009692257 0.714148641
1756484237311412992.000000 0.008247841 -0.019528005 0.003743147 -0.700218141 0.010784867 -0.013839874 0.713713408
1756484237878830592.000000 0.008735348 -0.018048117 0.003807280 -0.699510515 0.011989329 -0.015738131 0.714348376
1756484238413576448.000000 0.009422082 -0.017692709 0.003887510 -0.699148059 0.017723415 -0.021810517 0.714424431
1756484238913957632.000000 0.009611085 -0.017751135 0.003725984 -0.699072778 0.017756721 -0.021651627 0.714502156
1756484239013959424.000000 0.009587482 -0.017727947 0.003811282 -0.699287593 0.017895903 -0.021979045 0.714278340
1756484239580654080.000000 0.009667024 -0.024004620 0.004010712 -0.699244142 0.019555008 -0.023162231 0.714239955
1756484240114042880.000000 0.009888393 -0.023988388 0.003774170 -0.699116588 0.019602016 -0.022973791 0.714369714
1756484240614195200.000000 0.009712529 -0.023834806 0.003702399 -0.699079156 0.019585500 -0.023085227 0.714403093
1756484241181710592.000000 0.009739231 -0.023897970 0.003819076 -0.699144423 0.019506497 -0.023109352 0.714340746
1756484241715428864.000000 0.009669531 -0.023850629 0.003769788 -0.699118197 0.019587494 -0.023057628 0.714365840
1756484242281373440.000000 0.009715930 -0.023898611 0.003716145 -0.699108005 0.019562826 -0.023167269 0.714372873
1756484242814640128.000000 0.009353760 -0.023791945 0.003885592 -0.699164152 0.019563051 -0.023300456 0.714313567
1756484243348652800.000000 0.009818635 -0.024079014 0.003902477 -0.699147224 0.019569028 -0.023081396 0.714337111
1756484243915118848.000000 0.009642709 -0.023866436 0.003726121 -0.699109972 0.019636892 -0.023009529 0.714374125
1756484244447604224.000000 0.009736213 -0.023996003 0.003815395 -0.699114382 0.019600125 -0.023082456 0.714368343
1756484244947768576.000000 0.009821508 -0.023861183 0.003637800 -0.699078858 0.019588517 -0.023040306 0.714404881
1756484245481642240.000000 0.009824060 -0.024015285 0.003776248 -0.699113548 0.019630948 -0.022991482 0.714371324
1756484246048768000.000000 0.009849161 -0.023904780 0.003635775 -0.699058950 0.019614035 -0.022998964 0.714424968
1756484246615807488.000000 0.010083680 -0.024146259 0.003730963 -0.699137509 0.019609123 -0.022907721 0.714351177
1756484247181362944.000000 0.009784224 -0.023755156 0.003730412 -0.699156642 0.019581677 -0.023066735 0.714328051
1756484247713736192.000000 0.009685079 -0.023929153 0.003800299 -0.699147046 0.019564001 -0.023080204 0.714337468
1756484248313405696.000000 0.009669342 -0.023860298 0.003780367 -0.699155569 0.019497560 -0.023123387 0.714329541
1756484248847097856.000000 0.009901416 -0.024169704 0.004012218 -0.699183226 0.019561050 -0.022943821 0.714306474
1756484249415047424.000000 0.009724276 -0.024097916 0.003960230 -0.699171245 0.019547733 -0.023155922 0.714311838
1756484249982064640.000000 0.009602380 -0.023906490 0.003827885 -0.699165046 0.019556630 -0.023146685 0.714317858
1756484250548579328.000000 0.010000879 -0.023919396 0.003769414 -0.699141324 0.019609535 -0.022899574 0.714347601
1756484251082369792.000000 0.010094762 -0.023950296 0.003682227 -0.699117482 0.019554410 -0.022933125 0.714371502
1756484251616240384.000000 0.009932647 -0.024012383 0.003788487 -0.699121952 0.019563708 -0.022975599 0.714365363
1756484252216063744.000000 0.009750541 -0.024189441 0.003530454 -0.699015081 0.019576952 -0.023099365 0.714465678
1756484252782786560.000000 0.009619351 -0.024142917 0.003423578 -0.698928416 0.019527344 -0.023144837 0.714550316
1756484253316663296.000000 0.009973723 -0.024233423 0.003352862 -0.698925078 0.019609172 -0.022997182 0.714556098
