1762537752431873536.000000 0.039576180 -0.009568188 -0.018782288 -0.688350499 0.025023051 -0.008881959 0.724892139
1762537752698607872.000000 0.037198044 0.033827554 -0.019671861 -0.694758773 0.019711932 -0.005821693 0.718949080
1762537752965338880.000000 0.035994913 0.066941157 -0.019065408 -0.692780614 0.018643441 -0.003298676 0.720899880
1762537753232068352.000000 0.035596393 0.104628831 -0.019818649 -0.693434060 0.017915843 -0.002893024 0.720291615
1762537753498797056.000000 0.034351312 0.145597711 -0.020075720 -0.695395410 0.018398553 -0.004474828 0.718377948
1762537753765525504.000000 0.034104839 0.180555120 -0.019623913 -0.692635477 0.017771838 -0.003616553 0.721059859
1762537754032254976.000000 0.034098998 0.219539925 -0.019462317 -0.693343043 0.018785229 -0.004290596 0.720350027
1762537754298983168.000000 0.034358881 0.259038806 -0.019680226 -0.696125984 0.018941710 -0.003857636 0.717659414
1762537755165866240.000000 0.033258602 0.385536015 -0.019942034 -0.693599641 0.020311547 -0.003391951 0.720066309
1762537755265894144.000000 0.033278797 0.398925960 -0.019594954 -0.692854166 0.019641763 -0.001571332 0.720808506
1762537755532635392.000000 0.032689963 0.435827941 -0.019362167 -0.691191852 0.019553641 -0.000783240 0.722406328
1762537755632664064.000000 0.032492287 0.448434144 -0.018951491 -0.690122545 0.019408135 -0.002017846 0.723429441
1762537757399785728.000000 -0.025513051 0.698581457 -0.019788628 -0.693361640 -0.051575612 0.063058354 0.715970218
1762537757633177856.000000 -0.032580905 0.732745469 -0.020035613 -0.694076121 -0.051750265 0.063308001 0.715242863
1762537757899910912.000000 -0.041869465 0.769862413 -0.020072471 -0.693123698 -0.055640485 0.066222087 0.715610504
1762537758166645248.000000 -0.057955898 0.801439404 -0.019916071 -0.688859344 -0.086767413 0.098715477 0.712881088
1762537758600087808.000000 -0.088469453 0.850732863 -0.019750264 -0.679706693 -0.133658364 0.151018098 0.705214798
1762537758866822144.000000 -0.112395525 0.879549384 -0.019645693 -0.673735559 -0.164483443 0.180812955 0.697375298
1762537760200513536.000000 -0.231581673 1.034682989 -0.020353895 -0.666959167 -0.194814771 0.213621855 0.686715662
1762537760500583936.000000 -0.257337868 1.070130348 -0.020389397 -0.665205956 -0.195514455 0.215874851 0.687512338
1762537762601055232.000000 -0.500810683 1.230211139 -0.020007625 -0.604027748 -0.339909375 0.366859406 0.620504856
1762537763501272576.000000 -0.625870287 1.246640682 -0.023010708 -0.545944452 -0.427890390 0.451648235 0.561131299
1762537765335061760.000000 -0.872983217 1.204561710 -0.016075071 0.444885194 0.528648198 -0.560824275 -0.456162781
1762537767735615232.000000 -1.091907024 0.965947330 -0.015908232 0.196816012 0.662390172 -0.695367575 -0.197400168
1762537770002756608.000000 -1.209383488 0.658142328 -0.013233667 0.123106450 0.682084680 -0.710933864 -0.119073063
1762537772972611584.000000 -1.269775867 0.233637482 -0.010655500 0.052616905 0.687452018 -0.722865999 -0.045891844
1762537775305880576.000000 -1.277687669 -0.108155638 -0.006563960 -0.009666190 0.687767863 -0.725613296 0.019166358
1762537775505878016.000000 -1.275495172 -0.140501946 -0.006974673 -0.008144150 0.690252841 -0.723325670 0.016875027
1762537775772536832.000000 -1.270792603 -0.180906743 -0.007158989 -0.009637292 0.690207124 -0.723348200 0.016988166
1762537776072541440.000000 -1.266587615 -0.226418734 -0.007242242 -0.010301076 0.691733837 -0.721916556 0.015318848
1762537776339213824.000000 -1.263369441 -0.266654819 -0.007206859 -0.012012682 0.692339659 -0.721242249 0.018199727
1762537776705880832.000000 -1.249084115 -0.317487776 -0.007135557 -0.044924241 0.691386938 -0.719352424 0.049980208
1762537777005882368.000000 -1.233658075 -0.357031345 -0.007608064 -0.079508997 0.688038468 -0.715722978 0.089565858
1762537777205884928.000000 -1.221452594 -0.380361766 -0.007580504 -0.103993431 0.683565617 -0.713009775 0.116363488
1762537777472550912.000000 -1.206456065 -0.415598392 -0.006549455 -0.109139442 0.682632923 -0.712290525 0.121421263
1762537777705880832.000000 -1.192789078 -0.445913762 -0.006828861 -0.114597917 0.681206048 -0.711844027 0.126901001
1762537777972544000.000000 -1.169455647 -0.477405250 -0.007267546 -0.149457991 0.676917195 -0.702759147 0.159922048
1762537778172543488.000000 -1.151862144 -0.496943563 -0.007167019 -0.170873538 0.670105398 -0.699012339 0.182051837
1762537778572533760.000000 -1.121334195 -0.546778858 -0.006547209 -0.168932691 0.670039296 -0.699883044 0.180756360
1762537778905857536.000000 -1.096799254 -0.588135183 -0.005738588 -0.168904737 0.669135451 -0.700250804 0.182695866
1762537779339202048.000000 -1.060616612 -0.641501009 -0.006432353 -0.179128259 0.668139935 -0.695950329 0.192757159
1762537779572536832.000000 -1.037713051 -0.663132191 -0.006613459 -0.206173837 0.660583973 -0.687660992 0.219643995
1762537779772536576.000000 -1.016315818 -0.681699574 -0.006723203 -0.228315562 0.654589415 -0.678827584 0.242028654
1762537779939205120.000000 -0.998015881 -0.695347548 -0.007110642 -0.246192321 0.647641003 -0.672086418 0.261247516
1762537780305875200.000000 -0.960216582 -0.733041584 -0.006810028 -0.245251372 0.646709919 -0.672777712 0.262656301
1762537780739203584.000000 -0.914861560 -0.780282736 -0.007356303 -0.244315073 0.648726285 -0.671449721 0.261953771
1762537781239209728.000000 -0.860431433 -0.831244826 -0.008453131 -0.253827691 0.648182511 -0.665005744 0.270551950
1762537781472543744.000000 -0.833876967 -0.847195566 -0.008279445 -0.279452205 0.635880947 -0.654086530 0.299554318
1762537781672542464.000000 -0.808137536 -0.860636652 -0.008857673 -0.301440626 0.627658486 -0.642651081 0.319653124
1762537781839205632.000000 -0.786288142 -0.869909465 -0.009300122 -0.318850249 0.618168116 -0.634112298 0.337793201
1762537782005875200.000000 -0.764464319 -0.877802968 -0.009814886 -0.336108148 0.609376311 -0.623855710 0.355662555
1762537782172542464.000000 -0.741560638 -0.888235331 -0.010403175 -0.341104925 0.607556999 -0.620680988 0.359551281
1762537782439205888.000000 -0.706847370 -0.908488333 -0.010401173 -0.339478433 0.609316766 -0.621016383 0.357528001
1762537782739197184.000000 -0.668396771 -0.927557826 -0.009543011 -0.345952600 0.603834987 -0.617848814 0.366009593
1762537782939193088.000000 -0.641453028 -0.932907462 -0.009882808 -0.367825359 0.589304984 -0.605037391 0.389042348
1762537783172522240.000000 -0.608489931 -0.938452065 -0.010108786 -0.390172124 0.575380504 -0.589577138 0.411219954
1762537783705834496.000000 -0.537027180 -0.964756548 -0.009471506 -0.385837674 0.576001167 -0.592595220 0.410101056
1762537784072489216.000000 -0.486608088 -0.978693187 -0.010159658 -0.397315562 0.566987097 -0.583808124 0.424068630
1762537784272484352.000000 -0.461339921 -0.979306817 -0.009903198 -0.414002210 0.550787210 -0.571847320 0.445226163
1762537784805790464.000000 -0.384616822 -0.997617185 -0.010488465 -0.413013428 0.554265678 -0.572158456 0.441411614
1762537785139123456.000000 -0.334894389 -1.007260203 -0.010901935 -0.414391220 0.556641638 -0.572954476 0.436065614
1762537785639117312.000000 -0.264841229 -1.024006248 -0.012322875 -0.413632095 0.554750144 -0.573486269 0.438490927
1762537786139769088.000000 -0.193653673 -1.041338444 -0.013586922 -0.414688855 0.553869367 -0.573014140 0.439222753
1762537786540778752.000000 -0.137480259 -1.054292202 -0.012208652 -0.414382786 0.553646386 -0.573430896 0.439249039
1762537787041609728.000000 -0.065935262 -1.071412802 -0.010786222 -0.414509028 0.555185616 -0.572073340 0.438957006
1762537787374866432.000000 -0.018619027 -1.082968116 -0.010824690 -0.416928113 0.554934442 -0.570437014 0.439113051
1762537787541489664.000000 0.004851596 -1.083371401 -0.010905178 -0.434414566 0.542477727 -0.555996597 0.455927342
1762537787841404928.000000 0.045875162 -1.080542803 -0.012167564 -0.461541235 0.519041240 -0.531503916 0.484850049
1762537788241814272.000000 0.102275521 -1.079735160 -0.011908511 -0.471795857 0.509426355 -0.522603214 0.494751841
1762537788742454784.000000 0.175053209 -1.081560254 -0.011965670 -0.471214741 0.510223985 -0.523155093 0.493899763
1762537789209291520.000000 0.241528124 -1.074800730 -0.012839897 -0.495372832 0.488819003 -0.499918848 0.515502572
1762537789542612224.000000 0.286875427 -1.062404871 -0.013957666 -0.522901118 0.461527318 -0.468460858 0.542320371
1762537790075923456.000000 0.360805929 -1.045211077 -0.015371691 -0.532420993 0.449624628 -0.455804855 0.553721607
1762537790609234432.000000 0.427617282 -1.010155678 -0.016377030 -0.570489943 0.402458161 -0.406190187 0.589557767
1762537790842551552.000000 0.453405440 -0.992155552 -0.016769907 -0.584478676 0.380762875 -0.382341862 0.605985999
1762537791209219072.000000 0.491489291 -0.958160937 -0.016135214 -0.607097685 0.343655199 -0.344632119 0.628141940
1762537791409218048.000000 0.510565877 -0.938743949 -0.016067579 -0.614584744 0.326833665 -0.327605039 0.638858676
1762537791942543616.000000 0.571931064 -0.891655624 -0.015962709 -0.611058593 0.330349535 -0.330701768 0.638837218
1762537792375896832.000000 0.611151516 -0.847189367 -0.016142491 -0.626908243 0.294737160 -0.293001652 0.658988655
1762537792709239296.000000 0.636327386 -0.806469917 -0.016651750 -0.643797636 0.258744448 -0.254499376 0.673651338
1762537792909241344.000000 0.648202002 -0.782807589 -0.016096855 -0.650451124 0.236788929 -0.232059225 0.683368802
1762537793109240576.000000 0.658812463 -0.756046474 -0.016183268 -0.658989012 0.214962944 -0.209371492 0.689701438
1762537793375900928.000000 0.670037925 -0.721567929 -0.015923103 -0.667253196 0.184593394 -0.177670583 0.699379504
1762537793609225984.000000 0.677563846 -0.689951003 -0.015253820 -0.673910320 0.158917844 -0.150219932 0.705708206
1762537793775884032.000000 0.682107568 -0.665099978 -0.015325994 -0.679054499 0.140438557 -0.130396038 0.708631754
1762537794075883264.000000 0.695825875 -0.623042166 -0.015501305 -0.678740084 0.141436145 -0.133214951 0.708210111
1762537794442549504.000000 0.713058949 -0.569653034 -0.016402088 -0.680030167 0.140268967 -0.133150175 0.707216144
1762537794642546944.000000 0.716006279 -0.540918112 -0.016408389 -0.685599685 0.114594556 -0.105666019 0.711094856
1762537794809208064.000000 0.716769397 -0.517834842 -0.016418252 -0.688386261 0.094006211 -0.084690616 0.714223266
1762537795042547200.000000 0.717457116 -0.482524157 -0.016650368 -0.692723036 0.075743891 -0.067839622 0.713999689
1762537795409222656.000000 0.724939942 -0.427635223 -0.017139718 -0.692869484 0.075960919 -0.068271570 0.713793337
1762537795675891200.000000 0.730098665 -0.387411058 -0.018124975 -0.693918705 0.074812934 -0.068662062 0.712857187
1762537795942558464.000000 0.734913409 -0.348638237 -0.018700726 -0.693713427 0.073519632 -0.067369282 0.713314772
1762537796275890944.000000 0.741120160 -0.301713914 -0.019000441 -0.692917526 0.070423402 -0.063636795 0.714742124
1762537796542552320.000000 0.742133915 -0.263144702 -0.019835275 -0.695218027 0.054894257 -0.046148095 0.715212464
1762537796809210112.000000 0.744394541 -0.225602284 -0.020428587 -0.694980502 0.053642828 -0.046174381 0.715536594
1762537797109208832.000000 0.747576773 -0.183847815 -0.020714417 -0.694670498 0.049856760 -0.040372189 0.716461658
1762537797442538752.000000 0.748506427 -0.138069868 -0.020863598 -0.694928110 0.038426027 -0.027971029 0.717506886
1762537797609201920.000000 0.743824482 -0.118331604 -0.020299645 -0.692427754 0.018155584 -0.007551712 0.721219242
1762537798042530048.000000 0.740461349 -0.055721920 -0.021083679 -0.694008470 0.009117812 0.000453651 0.719908953
1762537798509197824.000000 0.736021578 0.008752158 -0.020711657 -0.693048000 0.005095447 0.004139810 0.720861554
1762537798942524928.000000 0.732369542 0.071677864 -0.020997494 -0.691950321 0.004615304 0.003244256 0.721923172
1762537799442524160.000000 0.727520764 0.144463703 -0.021840427 -0.695213020 0.002460659 0.004392135 0.718786120
1762537799909178368.000000 0.722829998 0.214731291 -0.022639628 -0.698372066 0.001412363 0.005605417 0.715711653
1762537800542494976.000000 0.716318607 0.300889790 -0.022297250 -0.693715215 -0.001418598 0.010842195 0.720166445
1762537800842479104.000000 0.712006688 0.336442560 -0.021594968 -0.690302968 -0.007898204 0.018928073 0.723229766
1762537801042478080.000000 0.709067047 0.361823022 -0.021429826 -0.689121842 -0.010669019 0.023287375 0.724192619
1762537802242957824.000000 0.687348783 0.526562929 -0.019587934 -0.689840794 -0.018502207 0.030617584 0.723076701
1762537802510019840.000000 0.681812942 0.565624654 -0.019558169 -0.690576077 -0.020256227 0.031740505 0.722278953
1762537802977295872.000000 0.669841230 0.631195247 -0.018903483 -0.691178679 -0.035048269 0.045717463 0.720384359
1762537803710813440.000000 0.646929145 0.735503733 -0.019237481 -0.691997409 -0.042765222 0.053051502 0.718676746
1762537804010883584.000000 0.638399780 0.777203560 -0.019258149 -0.692143500 -0.041954920 0.052249078 0.718642652
1762537804344288000.000000 0.629475534 0.826143980 -0.019402683 -0.693719447 -0.039647382 0.051029637 0.717340589
1762537804677690624.000000 0.621658504 0.873180151 -0.019320417 -0.693735540 -0.037515122 0.051249322 0.717424035
1762537804944412672.000000 0.606872916 0.905116558 -0.019384522 -0.689800382 -0.069314696 0.085860401 0.715541005
1762537806144667136.000000 0.557636380 1.074601769 -0.021434225 -0.693019331 -0.066392265 0.078911006 0.713505030
1762537806444730880.000000 0.546386838 1.116214633 -0.021296609 -0.692580938 -0.066865169 0.080545895 0.713703871
1762537806711453696.000000 0.528967619 1.146873713 -0.020972721 -0.687168539 -0.097970046 0.114586331 0.710683644
1762537806978179840.000000 0.509555459 1.177341938 -0.021375604 -0.682193756 -0.125273392 0.144335911 0.705751657
1762537807478298112.000000 0.478445500 1.243518353 -0.021742599 -0.682067990 -0.122730128 0.142063484 0.706780434
1762537807878392832.000000 0.451879352 1.293921471 -0.021100162 -0.678628981 -0.134550571 0.155234128 0.705167592
1762537808178470400.000000 0.425134301 1.325962305 -0.021227490 -0.671393394 -0.167773142 0.189275295 0.696604669
1762537808478548736.000000 0.395347506 1.356761217 -0.021978024 -0.661450148 -0.200744525 0.223173767 0.687298179
1762537808978675456.000000 0.340164691 1.397019744 -0.022459868 -0.640294015 -0.255452096 0.280390918 0.667943716
1762537809312078080.000000 0.300022811 1.421412468 -0.023285419 -0.626179516 -0.290686637 0.316242307 0.650685310
1762537809778838272.000000 0.240781829 1.445289612 -0.023890089 -0.602272332 -0.338061273 0.364232898 0.624753535
1762537811245860608.000000 0.047919765 1.471030116 -0.025675237 -0.520836651 -0.453875154 0.484839708 0.536336541
1762537811745987584.000000 -0.024603305 1.477270842 -0.026721554 -0.522152543 -0.454232663 0.483981311 0.535529256
1762537813346354432.000000 -0.240655258 1.440593362 -0.024712577 0.448237032 0.527644277 -0.557198763 -0.458480865
1762537816247141376.000000 -0.562878549 1.218224764 -0.019256290 0.276771069 0.635316133 -0.665073991 -0.278294444
1762537817580814336.000000 -0.662296712 1.061579823 -0.016163398 0.200470820 0.659564257 -0.696710706 -0.198445767
1762537817980912128.000000 -0.690631211 1.008645415 -0.016018873 0.196871921 0.660841584 -0.698070645 -0.192943841
1762537820648221184.000000 -0.791470706 0.632198036 -0.012987906 0.128442958 0.679818273 -0.711091995 -0.125290543
1762537821048319744.000000 -0.801638424 0.574340522 -0.013295703 0.104031950 0.685676694 -0.713713944 -0.098169439
1762537821348387328.000000 -0.801721275 0.532880902 -0.013003614 0.069807939 0.689917922 -0.717852831 -0.061867144
1762537823315511296.000000 -0.819617510 0.241149575 -0.011321392 0.038353585 0.687778056 -0.724358261 -0.028204154
1762537823648914176.000000 -0.816423655 0.192896590 -0.010431781 0.024624867 0.687608540 -0.725541353 -0.013336842
1762537823948980480.000000 -0.815877676 0.152255535 -0.008265337 0.024168923 0.682570279 -0.730307519 -0.012830416
1762537825182621184.000000 -0.799679577 -0.034894262 -0.007727552 -0.019021722 0.692127824 -0.721049786 0.026162287
1762537825516025088.000000 -0.781579256 -0.081421010 -0.007890895 -0.058108877 0.689328134 -0.719020426 0.066781692
1762537825816087808.000000 -0.766293466 -0.123916559 -0.007763399 -0.070913404 0.690010548 -0.715966880 0.079045661
1762537826349547776.000000 -0.744793534 -0.201104015 -0.009106541 -0.070594884 0.689099133 -0.716577053 0.081707507
1762537826682961152.000000 -0.729073226 -0.248816341 -0.009283137 -0.085220635 0.688495874 -0.713586092 0.097498246
1762537827016376320.000000 -0.706742585 -0.288608581 -0.009000434 -0.126085848 0.682056963 -0.706918657 0.138443753
1762537827349791232.000000 -0.677814543 -0.326566935 -0.009734429 -0.164167166 0.673383534 -0.698822916 0.176777706
1762537827683206656.000000 -0.646617293 -0.360529572 -0.011715321 -0.200671077 0.661924601 -0.689011574 0.216448575
1762537828049956864.000000 -0.608035445 -0.390060782 -0.010734007 -0.240780964 0.646744013 -0.676294208 0.257629484
1762537828583399168.000000 -0.549343586 -0.446211725 -0.010884406 -0.249986485 0.643589079 -0.672322869 0.266986638
1762537829083535360.000000 -0.489594758 -0.484825402 -0.010434838 -0.297699183 0.623994172 -0.649757266 0.315946221
1762537829583749632.000000 -0.424052387 -0.508816242 -0.010553876 -0.349603087 0.599009395 -0.620296419 0.366330177
1762537829983916544.000000 -0.373101234 -0.520165741 -0.009120429 -0.389621675 0.573632956 -0.593346179 0.408754915
1762537830450715136.000000 -0.316265374 -0.526900411 -0.008996230 -0.432581007 0.539383471 -0.560057223 0.456371725
1762537830950856704.000000 -0.253324091 -0.520733237 -0.007772271 -0.476127684 0.500033736 -0.519645452 0.503226817
1762537831450949120.000000 -0.182338521 -0.507029593 -0.008214302 -0.518658876 0.459585249 -0.473694056 0.543496490
1762537831951039232.000000 -0.120833226 -0.483668298 -0.008835891 -0.555250287 0.413984060 -0.425969988 0.582120240
1762537832451142144.000000 -0.062907547 -0.444912940 -0.008436991 -0.588475227 0.367380351 -0.375411451 0.614650190
1762537832784544512.000000 -0.028040012 -0.413373053 -0.007765407 -0.611394525 0.333880365 -0.337725878 0.632978559
1762537833284641536.000000 0.017509524 -0.356498241 -0.009580222 -0.639062107 0.284168035 -0.284725577 0.655575752
1762537833651376384.000000 0.022903949 -0.338591754 -0.009794564 -0.651603401 0.253396541 -0.251964509 0.669116735
1762537834184810752.000000 0.014230831 -0.331029952 -0.012945969 -0.671559632 0.196958616 -0.192214191 0.687945306
1762537834518207488.000000 0.006511800 -0.329440594 -0.012722502 -0.680650294 0.159788042 -0.153286487 0.698345363
1762537834851602944.000000 -0.000467923 -0.325240165 -0.015841734 -0.688306272 0.121936679 -0.112961486 0.706120133
1762537835785116928.000000 0.000058971 -0.244654164 -0.017411888 -0.693857074 0.072012573 -0.059941716 0.713991344
1762537836285219584.000000 0.021610375 -0.174680963 -0.017704491 -0.689137459 0.101734646 -0.090997428 0.711659431
1762537836785324800.000000 0.036639240 -0.104842752 -0.017552422 -0.686546803 0.100395620 -0.088272065 0.714690328
1762537837318814976.000000 0.053012669 -0.026829122 -0.018128611 -0.686916351 0.097479180 -0.083822064 0.715274513
1762537837818979584.000000 0.060503155 0.016484277 -0.019054592 -0.687073469 0.095839232 -0.085021056 0.715203762
1762537838319105280.000000 0.060100585 0.017756591 -0.019189090 -0.688311577 0.096039571 -0.085189886 0.713965237
1762537838819219712.000000 0.055066276 0.016176373 -0.019562129 -0.690674245 0.069379583 -0.058044963 0.717486143
1762537839352650496.000000 0.051401135 0.016791832 -0.019770937 -0.692078888 0.053303257 -0.040333189 0.718720317
1762537839886071040.000000 0.044425342 0.015634647 -0.019717429 -0.692373633 0.019441811 -0.003665379 0.721267879
1762537840386181120.000000 0.044587404 0.015730983 -0.019506805 -0.693374991 0.020564940 -0.004929320 0.720266581
1762537840919633664.000000 0.044468395 0.015687589 -0.019335162 -0.693380713 0.020615214 -0.004930758 0.720259666
1762537841419734016.000000 0.044589274 0.015999923 -0.019499060 -0.693344235 0.020611204 -0.004906222 0.720295012
1762537841919831808.000000 0.044615675 0.015849790 -0.019590240 -0.693348467 0.020627668 -0.004906355 0.720290482
1762537842419937792.000000 0.044362415 0.015926167 -0.019363284 -0.693432510 0.020680452 -0.004932523 0.720207930
1762537842920042496.000000 0.044543795 0.015859213 -0.019417327 -0.693429172 0.020655394 -0.004831354 0.720212519
1762537843420142336.000000 0.044280067 0.016080881 -0.019429429 -0.693443596 0.020624356 -0.005023315 0.720198214
1762537843920240384.000000 0.044424277 0.015842797 -0.019589886 -0.693369448 0.020690998 -0.004920221 0.720268428
1762537844420348928.000000 0.044330359 0.015808068 -0.019731635 -0.693332016 0.020720590 -0.004900239 0.720303714
1762537844920454656.000000 0.044675715 0.016391221 -0.019973598 -0.693302929 0.020702248 -0.004785954 0.720333040
1762537845420613632.000000 0.044612896 0.016201155 -0.019781694 -0.693336308 0.020614926 -0.004849281 0.720302939
1762537845920781824.000000 0.044446219 0.015979446 -0.019598901 -0.693387508 0.020585148 -0.004924427 0.720254064
1762537846420921600.000000 0.044388130 0.015967157 -0.019532181 -0.693400979 0.020684475 -0.004929166 0.720238209
1762537846921063680.000000 0.044543918 0.016271230 -0.019736238 -0.693384171 0.020519290 -0.004852436 0.720259547
1762537847421166080.000000 0.044469591 0.016082661 -0.019656088 -0.693406403 0.020583406 -0.004884586 0.720236123
1762537847921265664.000000 0.044495724 0.016151797 -0.019796964 -0.693340838 0.020551831 -0.004887091 0.720300198
1762537848421374976.000000 0.044431567 0.016145853 -0.019640692 -0.693386197 0.020582322 -0.004875542 0.720255733
1762537848921482496.000000 0.044539217 0.016127821 -0.019641109 -0.693389237 0.020600753 -0.004810088 0.720252752
1762537849454966016.000000 0.044528522 0.015856354 -0.019684283 -0.693380475 0.020587372 -0.004843850 0.720261216
1762537849955107328.000000 0.044491291 0.015949018 -0.019783378 -0.693372667 0.020651342 -0.004864004 0.720266819
1762537850455211008.000000 0.044549584 0.016257785 -0.020015147 -0.693294287 0.020573249 -0.004833403 0.720344722
1762537850988653824.000000 0.044629052 0.016440559 -0.019954003 -0.693336785 0.020538054 -0.004864563 0.720304608
1762537851488766208.000000 0.044782326 0.016151022 -0.019780610 -0.693361044 0.020571584 -0.004768956 0.720280945
1762537851988878336.000000 0.044381913 0.015816372 -0.019746266 -0.693349659 0.020595461 -0.004878988 0.720290542
1762537852522339328.000000 0.044572350 0.016336231 -0.019903302 -0.693361282 0.020591943 -0.004824940 0.720279753
1762537853055806208.000000 0.044432431 0.015976254 -0.019703863 -0.693363070 0.020601448 -0.004855110 0.720277488
1762537853589292288.000000 0.040943071 0.065672278 -0.019585682 -0.691675186 0.011984552 0.004155498 0.722097397
1762537854122772992.000000 0.037161909 0.145444050 -0.020495228 -0.695290685 0.011441546 0.002244814 0.718634069
1762537854622894080.000000 0.034914348 0.215266481 -0.020469792 -0.693724275 0.011289559 0.002413431 0.720148206
1762537855156351744.000000 0.033408757 0.292803526 -0.019980293 -0.694434583 0.012165589 0.004173822 0.719440937
1762537855689803008.000000 0.031474143 0.371910095 -0.020531226 -0.695367157 0.013027772 0.003735504 0.718526840
1762537856223259904.000000 0.029054869 0.443687439 -0.019639883 -0.689619303 0.011503049 0.006584900 0.724050879
1762537857756981248.000000 -0.044220466 0.643593609 -0.019691229 -0.681996584 -0.131069541 0.146971509 0.704344332
1762537858257110272.000000 -0.090948641 0.696363509 -0.020490710 -0.670815289 -0.187147662 0.202341497 0.688506126
1762537858757240576.000000 -0.142145261 0.740534484 -0.020211115 -0.652560234 -0.241409391 0.260278791 0.669433892
1762537861157827840.000000 -0.450925529 0.858610988 -0.018576182 -0.575815082 -0.381703943 0.410483897 0.595182359
1762537863991816448.000000 -0.838102639 0.984765112 -0.017548237 -0.576528966 -0.384944975 0.412490606 0.591001928
1762537865792256512.000000 -1.048427463 1.151431441 -0.017114853 -0.656442940 -0.218732208 0.244044393 0.679471314
1762537866259046144.000000 -1.084216833 1.214598179 -0.016984718 -0.672421634 -0.164666846 0.188269660 0.696626604
1762537866725832960.000000 -1.108232379 1.280185819 -0.015731966 -0.681382656 -0.112625673 0.134588391 0.710576653
1762537867192621056.000000 -1.122976422 1.347675443 -0.016065616 -0.687340915 -0.064638428 0.083202831 0.718652666
1762537868126201344.000000 -1.121461511 1.481266618 -0.016374797 -0.697286427 0.036040906 -0.026225366 0.715405405
1762537868592994816.000000 -1.110717773 1.480916023 -0.015750501 -0.689277947 0.085444182 -0.077220015 0.715284705
1762537869059782144.000000 -1.098711848 1.482805848 -0.016895670 -0.679674923 0.137413248 -0.130924612 0.708532572
1762537869393185280.000000 -1.090359449 1.481300592 -0.015830591 -0.671465516 0.174726069 -0.169188693 0.699985802
1762537869726588416.000000 -1.083413005 1.477037430 -0.013858047 -0.661733449 0.209320873 -0.205981612 0.689829886
1762537870093332736.000000 -1.077865839 1.477817535 -0.014398562 -0.647538602 0.249715790 -0.247720212 0.675996006
1762537870426739968.000000 -1.074744582 1.479638577 -0.014637863 -0.632024646 0.284526497 -0.284720093 0.662211537
1762537870760146432.000000 -1.070272446 1.477513313 -0.015005762 -0.614721775 0.319617659 -0.320892811 0.645747244
1762537871127307520.000000 -1.065654039 1.475194693 -0.016329257 -0.595017731 0.355660737 -0.359293014 0.624794245
1762537871494983424.000000 -1.065655112 1.470341921 -0.014952429 -0.573756695 0.390003473 -0.395639479 0.601805627
1762537871695558656.000000 -1.064416885 1.464334726 -0.014825992 -0.561202466 0.408293784 -0.414465666 0.588698685
1762537871996338944.000000 -1.061977863 1.458430648 -0.015618768 -0.540401340 0.435228914 -0.443717569 0.567148089
1762537872196337408.000000 -1.063490033 1.456392884 -0.014492478 -0.526491344 0.452739149 -0.461893171 0.551805139
1762537872429667072.000000 -1.062657714 1.451833606 -0.013814054 -0.508129954 0.473767608 -0.483781785 0.532262564
1762537872662992128.000000 -1.061709046 1.446456909 -0.012631975 -0.489886612 0.493092537 -0.503583729 0.513102591
1762537872862982912.000000 -1.059581399 1.440340161 -0.012984537 -0.473300278 0.509448826 -0.520148575 0.495877266
1762537873129648384.000000 -1.050968528 1.441159606 -0.010774687 -0.471380621 0.504435122 -0.520529091 0.502389193
1762537873629651456.000000 -0.971098244 1.441943884 -0.011414899 -0.481680334 0.504634321 -0.509370744 0.503854811
1762537873962979584.000000 -0.921746612 1.446988702 -0.012943983 -0.492197961 0.494505465 -0.496796429 0.516138434
1762537874329658112.000000 -0.867363513 1.450955391 -0.012883542 -0.493534386 0.494469702 -0.495466769 0.516174555
1762537874862995712.000000 -0.791750371 1.457497001 -0.013388438 -0.493887842 0.492342860 -0.495358557 0.517970383
1762537875096333056.000000 -0.758445859 1.457991719 -0.013410559 -0.484447509 0.498923391 -0.505604148 0.510637343
1762537875429671168.000000 -0.709968030 1.460689306 -0.013627624 -0.485059470 0.497473449 -0.506123781 0.510956287
1762537875929667328.000000 -0.640776575 1.459761024 -0.012452548 -0.475373298 0.503302991 -0.516079366 0.504349589
1762537876396337152.000000 -0.572558224 1.460991740 -0.013394566 -0.476612955 0.502036810 -0.515100896 0.505440652
1762537876662999552.000000 -0.532660425 1.461587548 -0.013570521 -0.478223860 0.502341092 -0.514777899 0.503943563
1762537876896325888.000000 -0.497617871 1.462794781 -0.013988119 -0.478712261 0.501874149 -0.513873518 0.504867375
1762537877296333312.000000 -0.437434345 1.464391470 -0.013649698 -0.480293959 0.502755702 -0.512899935 0.503476143
1762537877563001600.000000 -0.396979183 1.466490269 -0.014255008 -0.481427699 0.502003312 -0.512828767 0.503216386
1762537877829665792.000000 -0.357639432 1.467133880 -0.014668450 -0.480579674 0.501322329 -0.512348592 0.505191028
1762537878096336128.000000 -0.316982657 1.468185425 -0.014070474 -0.481817842 0.502027512 -0.510405004 0.505278766
1762537878463011072.000000 -0.262549192 1.471105218 -0.014600147 -0.481572032 0.500414431 -0.510651231 0.506862104
1762537878829678848.000000 -0.208715066 1.473767757 -0.014442775 -0.480792105 0.499191970 -0.512370348 0.507073045
1762537879129678848.000000 -0.163343787 1.476046562 -0.014239421 -0.481173724 0.498533368 -0.511781514 0.507952869
1762537879496343808.000000 -0.108055949 1.477933764 -0.014715692 -0.481991380 0.498232067 -0.511681855 0.507573545
1762537879796334848.000000 -0.062851019 1.479581118 -0.014493819 -0.482390672 0.497747123 -0.511038423 0.508317530
1762537880062996736.000000 -0.023818277 1.480008125 -0.014580999 -0.480830371 0.497074127 -0.512035429 0.509450018
1762537880429667840.000000 0.031939127 1.483285546 -0.014456257 -0.482105494 0.497564167 -0.510490835 0.509316623
1762537880862995712.000000 0.097032823 1.487262607 -0.015286906 -0.483397543 0.497324675 -0.510377288 0.508438826
1762537881096327680.000000 0.131894216 1.489970922 -0.014844909 -0.484854251 0.498455048 -0.509077191 0.507246852
1762537881396328704.000000 0.177312717 1.493350148 -0.015692228 -0.484653592 0.497706652 -0.509199381 0.508050203
1762537881662992384.000000 0.217630237 1.496480465 -0.016629750 -0.485989034 0.497496814 -0.508982420 0.507196724
1762537881996317440.000000 0.266983092 1.498828173 -0.016035240 -0.485279024 0.496888399 -0.509265602 0.508187711
1762537882429658112.000000 0.330784082 1.503192782 -0.017272430 -0.485189766 0.496775955 -0.508905947 0.508742869
1762537882762990080.000000 0.382800460 1.505811810 -0.017815325 -0.486172706 0.498221278 -0.508233726 0.507060230
1762537883196326656.000000 0.448370963 1.509081364 -0.018755136 -0.485908478 0.499394149 -0.507676303 0.506718040
1762537883596331776.000000 0.507176757 1.513319254 -0.020346167 -0.486189723 0.497477204 -0.507999420 0.508008599
1762537884129668608.000000 0.530393124 1.506625891 -0.019595999 -0.458734810 0.522735238 -0.534588933 0.480130255
1762537884463009536.000000 0.534133315 1.498238683 -0.019843044 -0.428969204 0.547954381 -0.561464012 0.447760642
1762537884829678336.000000 0.537005246 1.488550782 -0.020372204 -0.393778116 0.574194849 -0.588368535 0.411171108
1762537885263010816.000000 0.535891831 1.476949573 -0.020264549 -0.350788355 0.600358009 -0.617242277 0.368143886
1762537885563004416.000000 0.536371410 1.467759967 -0.019679504 -0.320442617 0.617491007 -0.634748578 0.336326867
1762537885796328448.000000 0.535648167 1.461854935 -0.020186065 -0.297630370 0.629360795 -0.646717727 0.311572343
1762537886062989056.000000 0.534150541 1.453922033 -0.019407135 -0.268431574 0.642941535 -0.660120249 0.280734688
1762537886329655040.000000 0.531989396 1.447677612 -0.018952921 -0.239030033 0.653964937 -0.672705829 0.250322700
1762537886829642496.000000 0.526631594 1.435758233 -0.019770581 -0.183929622 0.670306802 -0.692169428 0.194319919
1762537887163239168.000000 0.523416102 1.426420450 -0.020730142 -0.146361873 0.680213749 -0.701221049 0.155487835
1762537887396905728.000000 0.520669460 1.421879411 -0.020813029 -0.118004419 0.684449136 -0.708084106 0.127362564
1762537887897700608.000000 0.512179434 1.412300944 -0.021358909 -0.060889743 0.691943645 -0.716178179 0.067788340
1762537888197866496.000000 0.507141948 1.409638762 -0.021257043 -0.025251905 0.694176972 -0.718730688 0.030116608
1762537888464598016.000000 0.501200199 1.407038212 -0.019218795 0.004736806 0.687418699 -0.726245582 0.000697241
1762537889164776960.000000 0.510510623 1.301368475 -0.020750795 0.004018785 0.693889678 -0.720070124 -0.000323459
1762537891065276160.000000 0.499548405 1.143066645 -0.020077787 0.099459812 0.683989346 -0.716010392 -0.097957067
1762537891532035840.000000 0.486998171 1.143206477 -0.019559070 0.153511479 0.673855662 -0.706294358 -0.153300971
1762537891932113920.000000 0.476979822 1.143900633 -0.019494884 0.196924388 0.661724627 -0.695216715 -0.200037658
1762537892232175872.000000 0.469352126 1.145305753 -0.019018691 0.230571687 0.650819898 -0.684142947 -0.234986588
1762537892565578240.000000 0.460300446 1.148441911 -0.018685453 0.266571283 0.636943877 -0.670263708 -0.272008955
1762537892932319488.000000 0.451042116 1.152325273 -0.017752767 0.305900693 0.619612992 -0.651700258 -0.312716126
1762537893299084544.000000 0.443112016 1.157824159 -0.017808376 0.343987375 0.599021614 -0.631548107 -0.352126092
1762537894834950656.000000 0.387499779 1.177389264 -0.021480680 0.477271408 0.500212312 -0.530426860 -0.490557909
1762537895502036992.000000 0.288850725 1.166579247 -0.021026965 0.480838031 0.494786859 -0.527447343 -0.495762229
1762537895868683264.000000 0.232914001 1.167252660 -0.021828571 -0.494748801 -0.481307387 0.513062954 0.510228515
1762537896168668416.000000 0.189247742 1.165364027 -0.021776354 -0.495109200 -0.481462151 0.511993110 0.510807455
1762537898601889280.000000 -0.168656155 1.158218384 -0.021265469 -0.508581936 -0.470663428 0.499241203 0.520171821
1762537900768484352.000000 -0.482756466 1.173573136 -0.020032512 -0.522905648 -0.453189701 0.483792841 0.535848141
1762537903401735680.000000 -0.865567029 1.189750314 -0.019684156 -0.520541072 -0.454888642 0.486885518 0.533906221
1762537906103952128.000000 -1.258177638 1.201013923 -0.013106919 -0.519753098 -0.461621672 0.484571636 0.530992091
1762537907103692544.000000 -1.253544688 1.182702780 -0.015033135 0.440546840 0.534350336 -0.562382281 -0.451790214
1762537910103113728.000000 -1.186874747 1.150641441 -0.017350240 0.127924904 0.680065989 -0.711001337 -0.124990351
1762537910603730176.000000 -1.174384952 1.151527166 -0.017396016 0.072969124 0.684751987 -0.721967816 -0.067473903
1762537912237619200.000000 -1.160298109 0.992190599 -0.018810621 -0.018947873 0.693127215 -0.720051825 0.027223438
1762537912604276992.000000 -1.151688218 0.999707758 -0.018691383 -0.062373396 0.689268768 -0.718243182 0.071727507
1762537913004258048.000000 -1.142915249 1.001536012 -0.021875490 -0.107354991 0.683439434 -0.712243199 0.118723281
1762537913370932992.000000 -1.136650085 1.004525065 -0.023588106 -0.149566427 0.676116168 -0.702993035 0.162165582
1762537913770934784.000000 -1.132982492 1.011847138 -0.024436424 -0.194297343 0.664643943 -0.690575600 0.208811939
1762537914170936064.000000 -1.128802180 1.021566749 -0.025649980 -0.239646047 0.649521649 -0.674932122 0.255260766
1762537914604273408.000000 -1.128511190 1.041831970 -0.020149127 -0.285499632 0.632106006 -0.654438794 0.301068068
1762537915104273408.000000 -1.150737643 1.051610827 -0.010967547 -0.337241352 0.607179523 -0.625973821 0.354623944
1762537915637623552.000000 -1.169414520 1.070223331 -0.007143080 -0.389268249 0.575580835 -0.592009008 0.408291936
1762537916137635072.000000 -1.169833183 1.084882379 -0.006420173 -0.434838027 0.536407173 -0.557387412 0.460979909
1762537916504317952.000000 -1.114371300 1.081384182 -0.008117374 -0.444422007 0.534895957 -0.548878133 0.463797688
1762537917004330240.000000 -1.040423632 1.072260976 -0.008221963 -0.443243921 0.536015332 -0.549601018 0.462775469
1762537917537660928.000000 -0.962623775 1.061900258 -0.008598188 -0.443040609 0.537567079 -0.549537718 0.461242825
1762537918070980864.000000 -0.884290338 1.054407835 -0.010343377 -0.442997009 0.536524415 -0.550915360 0.460855156
1762537918470991104.000000 -0.826066494 1.050292850 -0.010253919 -0.450783104 0.527795553 -0.543403983 0.472163737
1762537919004324864.000000 -0.749188662 1.043309212 -0.010096088 -0.449740618 0.527413130 -0.545677543 0.470961720
1762537919504330752.000000 -0.675352275 1.045944571 -0.010098999 -0.467093110 0.511706531 -0.529992223 0.488967031
1762537920004331008.000000 -0.602919757 1.044976592 -0.009486293 -0.467267603 0.510091484 -0.530402541 0.490041733
1762537920505026304.000000 -0.529981375 1.043686986 -0.010452874 -0.468846738 0.508382857 -0.527898788 0.493003607
1762537921005820928.000000 -0.451669753 1.042711377 -0.011631906 -0.472305804 0.510537505 -0.523855627 0.491786599
1762537921539297024.000000 -0.369923443 1.042747378 -0.013012061 -0.473392904 0.510163844 -0.522432983 0.492641777
1762537922039430912.000000 -0.296245635 1.044021368 -0.014141370 -0.473940462 0.508291483 -0.522615850 0.493855149
1762537922539550720.000000 -0.221716598 1.044261098 -0.014184257 -0.473000139 0.507202327 -0.523194909 0.495261401
1762537923039671296.000000 -0.148006156 1.046202183 -0.014906026 -0.472493947 0.506009519 -0.523402870 0.496742725
1762537923539805184.000000 -0.072921686 1.048442125 -0.014928639 -0.471491873 0.506332457 -0.524467111 0.496243089
1762537923973255424.000000 -0.006053831 1.049520850 -0.015481437 -0.473903716 0.506982028 -0.522955477 0.494875908
1762537924473380352.000000 0.068260349 1.051272273 -0.015047539 -0.474974036 0.506214499 -0.521774590 0.495880961
1762537925006847488.000000 0.148145542 1.053499222 -0.015636252 -0.474205852 0.506296813 -0.521753848 0.496553451
1762537925406944768.000000 0.208378315 1.056172490 -0.017425710 -0.476088405 0.505778193 -0.520716548 0.496369362
1762537925907066624.000000 0.283715427 1.058411360 -0.017967466 -0.477569133 0.505395174 -0.518138409 0.498032153
1762537926373849600.000000 0.352418810 1.061429977 -0.018266933 -0.479481190 0.504638135 -0.517306745 0.497827083
1762537926740608000.000000 0.406200141 1.063719511 -0.017721934 -0.478760868 0.505714297 -0.517618835 0.497103393
1762537927240728576.000000 0.479923755 1.065737009 -0.018475598 -0.479675293 0.504631102 -0.517072916 0.497890174
1762537927674160640.000000 0.528325796 1.063934445 -0.018225610 -0.471600354 0.517280877 -0.526199281 0.482833177
1762537928040909568.000000 0.530080318 1.054148555 -0.018403664 -0.439872205 0.540690303 -0.554319024 0.454859316
1762537928541012224.000000 0.530590177 1.040918469 -0.018064169 -0.392125666 0.573641121 -0.591743290 0.408672452
1762537929041112832.000000 0.530247927 1.027241111 -0.017875930 -0.343625337 0.603078961 -0.623844147 0.359215736
1762537929574558464.000000 0.529142439 1.013400435 -0.018061062 -0.286097914 0.631332695 -0.655126631 0.300626397
1762537930007981824.000000 0.527972460 1.002598286 -0.018957458 -0.239341795 0.648785889 -0.676632881 0.252903938
1762537930508089856.000000 0.524778962 0.989263773 -0.019708525 -0.183541581 0.666262150 -0.695894659 0.195288986
1762537931008196096.000000 0.517901242 0.979479074 -0.020821979 -0.127964497 0.678125381 -0.710300446 0.138724074
1762537931508325888.000000 0.509806097 0.971658766 -0.020168435 -0.069220230 0.686164618 -0.719984293 0.077520259
1762537932041797120.000000 0.502130568 0.958270192 -0.017106175 -0.018266859 0.682897508 -0.729795337 0.026762662
1762537932441893120.000000 0.509853959 0.895995140 -0.017437181 -0.017342381 0.686053693 -0.726903379 0.025319846
1762537932841988352.000000 0.516919136 0.836728275 -0.017371926 -0.015457030 0.689746678 -0.723494232 0.023806011
1762537933375445760.000000 0.526965797 0.757502496 -0.017810684 -0.015217368 0.693709970 -0.719751120 0.022211120
1762537934242309888.000000 0.510853827 0.743406415 -0.016846318 0.073207490 0.688612878 -0.718029857 -0.069900244
1762537934775759360.000000 0.496631116 0.741369426 -0.016490614 0.133692503 0.679283738 -0.709451795 -0.131825909
1762537935309220352.000000 0.482755929 0.743833840 -0.015481766 0.193242341 0.664322853 -0.695737123 -0.193086654
1762537935742664448.000000 0.471800685 0.746847868 -0.014453579 0.241321027 0.648309886 -0.680110216 -0.242711037
1762537936176101888.000000 0.462104619 0.752706945 -0.013334777 0.286867976 0.629139006 -0.661856353 -0.289546192
1762537936676207104.000000 0.450887918 0.760141551 -0.012038384 0.337348282 0.603783607 -0.635947406 -0.342363000
1762537939110129920.000000 0.353692740 0.795828402 -0.015664971 -0.511806250 -0.465622425 0.496310890 0.524333477
1762537939843645696.000000 0.252930403 0.795284808 -0.016232155 -0.506237745 -0.470809937 0.502379537 0.519303441
1762537940610511360.000000 0.141597778 0.791858852 -0.014387269 -0.507286668 -0.472262859 0.503470004 0.515893340
1762537943444500736.000000 -0.270101309 0.812956989 -0.017252199 -0.515780210 -0.460617334 0.488205880 0.532407165
1762537945478348544.000000 -0.564193904 0.824176550 -0.016180042 -0.525177062 -0.452334791 0.477145225 0.540291429
1762537948379063552.000000 -0.980267406 0.860874057 -0.013449635 -0.528026760 -0.447684735 0.477706373 0.540890753
1762537950246179072.000000 -1.252921939 0.881981969 -0.013977597 -0.532090664 -0.451030284 0.473404408 0.537902951
1762537952813498624.000000 -1.214331865 0.839070261 -0.013687673 0.298769772 0.624965370 -0.655990720 -0.299718499
1762537955281977088.000000 -1.195215344 0.723838091 -0.013919489 0.102864042 0.686353445 -0.713357866 -0.097254686
1762537957248860416.000000 -1.193884492 0.622327030 -0.015798684 -0.028238561 0.692309499 -0.720016479 0.038555477
1762537957682230784.000000 -1.186628103 0.625771344 -0.017910071 -0.078099541 0.687386572 -0.716290534 0.091258436
1762537958148934656.000000 -1.179233313 0.629361331 -0.020281056 -0.131657004 0.678654432 -0.707691014 0.145835772
1762537958582315776.000000 -1.173192024 0.634588778 -0.021468770 -0.179727703 0.667688370 -0.695269525 0.196189970
1762537959015689728.000000 -1.172580481 0.644278765 -0.018803513 -0.227780983 0.652724147 -0.679430604 0.245847806
1762537959515739904.000000 -1.172679543 0.655872643 -0.017010635 -0.282152772 0.632186890 -0.655265272 0.302253276
1762537960015781888.000000 -1.185382247 0.664480388 -0.012106391 -0.335351467 0.606077969 -0.626470864 0.357411981
1762537960449167616.000000 -1.194557190 0.678996801 -0.010346690 -0.378559828 0.582588911 -0.597238123 0.400735855
1762537960949223168.000000 -1.200110555 0.693947077 -0.010666396 -0.424920112 0.549089551 -0.562438548 0.449005961
1762537961449286400.000000 -1.175575495 0.704621732 -0.009282248 -0.459942579 0.513723791 -0.532098532 0.491336763
1762537961949347072.000000 -1.097778678 0.703816354 -0.010378605 -0.463888615 0.516026437 -0.531030357 0.486344308
1762537962482728704.000000 -1.020325184 0.695704162 -0.009219257 -0.458302528 0.523532569 -0.535452247 0.478710115
1762537962982761472.000000 -0.945429206 0.692160070 -0.011426276 -0.458432078 0.523601890 -0.534426093 0.479656041
1762537963482820096.000000 -0.874203861 0.689349949 -0.010949031 -0.458856583 0.521516919 -0.534538746 0.481393009
1762537963982878208.000000 -0.800153494 0.685648859 -0.012942040 -0.459655851 0.520076573 -0.534576178 0.482146412
1762537964482931968.000000 -0.723084033 0.682484448 -0.012410201 -0.460908204 0.521502018 -0.533892453 0.480164826
1762537964982979328.000000 -0.649002910 0.678697705 -0.012255913 -0.462059110 0.521660566 -0.532886565 0.480003774
1762537965483033600.000000 -0.573871672 0.674184918 -0.014548805 -0.460271150 0.519801736 -0.534792364 0.481615871
1762537965983082752.000000 -0.495633930 0.670496047 -0.013749331 -0.461002052 0.520934582 -0.533246458 0.481406927
1762537966516465920.000000 -0.418699473 0.666785598 -0.013278471 -0.459956855 0.519886315 -0.533586025 0.483160198
1762537967016504064.000000 -0.341810733 0.663363814 -0.013537664 -0.460323036 0.521409512 -0.534426332 0.480232567
1762537967549900544.000000 -0.260454535 0.664997697 -0.014342228 -0.468610168 0.513387918 -0.525774360 0.490304768
1762537968049954048.000000 -0.187987521 0.664584994 -0.012833253 -0.467776239 0.510765374 -0.526676953 0.492864609
1762537968550027008.000000 -0.114857137 0.665205181 -0.014306702 -0.468148977 0.507676125 -0.527449071 0.494872749
1762537969083444736.000000 -0.035294831 0.667526960 -0.014131783 -0.469087750 0.506064892 -0.527913094 0.495139092
1762537969583868672.000000 0.041391518 0.668363869 -0.014532488 -0.471162677 0.506205320 -0.526080966 0.494975597
1762537970084336640.000000 0.115927987 0.668968201 -0.013972174 -0.471122950 0.507273018 -0.523897052 0.496235013
1762537970584472832.000000 0.192551404 0.669155955 -0.014466649 -0.472041965 0.508262813 -0.520459294 0.497963399
1762537971117952768.000000 0.272332251 0.670619428 -0.015908429 -0.474460095 0.507223666 -0.519275308 0.497960716
1762537971618074880.000000 0.346301258 0.672351539 -0.017205972 -0.478156090 0.505281806 -0.514790893 0.501046240
1762537972118198272.000000 0.419733495 0.675705373 -0.018166644 -0.480038434 0.503079057 -0.512836516 0.503461301
1762537972651666944.000000 0.497253150 0.679560065 -0.018057385 -0.478681922 0.502974868 -0.514121890 0.503546119
1762537973185135616.000000 0.527950704 0.673438787 -0.018107507 -0.454822123 0.526069760 -0.536783099 0.477756619
1762537973718602240.000000 0.531224787 0.660206437 -0.017733088 -0.406726122 0.562785923 -0.577401996 0.429479659
1762537974252069120.000000 0.534071684 0.646781564 -0.018896788 -0.354742676 0.596334755 -0.614155293 0.375973165
1762537974752199168.000000 0.535848200 0.634562790 -0.018661723 -0.302977890 0.624486506 -0.643754721 0.322181523
1762537975252325376.000000 0.532054961 0.620076239 -0.018190261 -0.251342535 0.647279501 -0.667707741 0.268370450
1762537975785784064.000000 0.529635072 0.608260274 -0.018973365 -0.191606149 0.666782022 -0.689925849 0.206618384
1762537976285903104.000000 0.524075747 0.598475456 -0.019227590 -0.136887297 0.680024326 -0.704960883 0.147847876
1762537976719341824.000000 0.528805494 0.563512146 -0.019999953 -0.095473453 0.689783633 -0.710278451 0.102897622
1762537977252806656.000000 0.554524720 0.488661140 -0.020708708 -0.093461655 0.689709663 -0.710424781 0.104221880
1762537977719590656.000000 0.577824414 0.425271183 -0.021573719 -0.091245167 0.693003893 -0.707859933 0.101756521
1762537978153031680.000000 0.571487188 0.416408628 -0.020566225 -0.049696371 0.697009683 -0.712817252 0.059994575
1762537978619808256.000000 0.560776234 0.411495447 -0.018865788 0.006221869 0.698597252 -0.715485215 0.002050441
1762537979119926016.000000 0.549719214 0.409989804 -0.017141435 0.064355858 0.695705056 -0.713022947 -0.058746461
1762537979653393152.000000 0.535903573 0.407700628 -0.016366137 0.126318142 0.686935365 -0.704766691 -0.124368697
1762537980153519104.000000 0.522289634 0.408244103 -0.016549036 0.182437167 0.673307002 -0.692698419 -0.183148682
1762537981187097856.000000 0.498584867 0.417279452 -0.014163369 0.292104483 0.631895185 -0.652345121 -0.299715519
1762537981687217920.000000 0.487574577 0.425276816 -0.013312806 0.342999071 0.604996085 -0.626028299 -0.352732152
1762537982654112000.000000 0.470509410 0.441527486 -0.013004207 0.432677805 0.542530060 -0.564768553 -0.446640342
1762537983620999168.000000 0.432519943 0.460566908 -0.013007886 -0.512205780 -0.468751520 0.486438066 0.530372858
1762537984454525184.000000 0.320257127 0.463101536 -0.011676889 -0.508473814 -0.464536786 0.490751922 0.533687770
1762537985721489152.000000 0.141130686 0.477097988 -0.010444874 -0.521643996 -0.453399181 0.475354761 0.544384539
1762537986521673728.000000 0.027322050 0.486786574 -0.011692853 -0.520902634 -0.453694910 0.478531867 0.542059600
1762537988788884992.000000 -0.294542104 0.499359429 -0.011410591 -0.508918226 -0.470605671 0.498942971 0.520181179
1762537990022529024.000000 -0.473442644 0.497009248 -0.012453214 -0.511351287 -0.466739476 0.495051682 0.524974287
1762537992789864960.000000 -0.876305103 0.528174996 -0.012155635 -0.527714729 -0.449761569 0.475341976 0.541554868
1762537995490550784.000000 -1.271306038 0.550829589 -0.012764790 -0.526016414 -0.462394774 0.479680747 0.528586984
1762537996590833408.000000 -1.257365346 0.529466867 -0.011032744 0.435123354 0.542857528 -0.568765938 -0.438723952
1762537999124806144.000000 -1.199441075 0.500808895 -0.011726731 0.172905698 0.670313358 -0.701972663 -0.167385831
1762537999624929280.000000 -1.185635805 0.501399934 -0.012099480 0.116251633 0.682061970 -0.713879347 -0.107950941
1762538002092179200.000000 -1.164214253 0.284894526 -0.012149734 0.008937055 0.689996302 -0.723757267 -0.000839375
1762538002625624576.000000 -1.152308226 0.287999600 -0.013921751 -0.052347906 0.689055860 -0.720090449 0.062701687
1762538003125796864.000000 -1.143522620 0.293931454 -0.015486246 -0.109182827 0.682287395 -0.712463617 0.122305982
1762538003660631808.000000 -1.134788990 0.297524095 -0.017999856 -0.171480790 0.669732213 -0.697975397 0.186771184
1762538004195298560.000000 -1.130114555 0.305689514 -0.018073011 -0.231092393 0.652230978 -0.677967608 0.248094842
1762538004761929216.000000 -1.129367948 0.324288934 -0.017878698 -0.290588886 0.629831493 -0.650665581 0.309038490
1762538005295227136.000000 -1.136781693 0.330394566 -0.018888801 -0.348154545 0.599772573 -0.619587123 0.367658913
1762538005828537856.000000 -1.149482727 0.339969933 -0.017933616 -0.400563985 0.568362713 -0.583385110 0.419731021
1762538006361851392.000000 -1.160879850 0.357731283 -0.013630768 -0.449488312 0.531511307 -0.543555498 0.469045192
1762538006895167744.000000 -1.106353879 0.361633182 -0.015714848 -0.469727397 0.518773735 -0.525916636 0.483365029
1762538007428486144.000000 -1.031964540 0.359940410 -0.015156763 -0.465786815 0.518073142 -0.530052841 0.483411729
1762538007961799424.000000 -0.954935491 0.357661873 -0.014604967 -0.465710640 0.515799403 -0.531776488 0.484023124
1762538008495110912.000000 -0.876859009 0.353421062 -0.014154825 -0.465744048 0.514960706 -0.532160282 0.484462082
1762538009028410112.000000 -0.795771480 0.350706667 -0.014017548 -0.464744925 0.514008582 -0.532465816 0.486094266
1762538009561733376.000000 -0.716682434 0.346725732 -0.012572529 -0.464624226 0.513590276 -0.533216059 0.485829204
1762538010095045632.000000 -0.634804606 0.343221396 -0.012907259 -0.466202617 0.514322698 -0.531710923 0.485191554
1762538010628352512.000000 -0.554202557 0.338926494 -0.013350097 -0.466954976 0.514873922 -0.530710995 0.484978169
1762538011161644544.000000 -0.471233040 0.335544676 -0.014224958 -0.467375278 0.517115116 -0.528711021 0.484372914
1762538011728293632.000000 -0.388062268 0.332067430 -0.013612950 -0.466388971 0.515632451 -0.529178739 0.486389101
1762538012261602048.000000 -0.308503985 0.329273850 -0.016364584 -0.464349300 0.514319062 -0.530835032 0.487923861
1762538012794914560.000000 -0.230458975 0.327988952 -0.015438790 -0.463842630 0.512755573 -0.531778336 0.489023119
1762538013361554688.000000 -0.145006835 0.324710011 -0.014693884 -0.465651244 0.513500571 -0.529479325 0.489017218
1762538013928190720.000000 -0.056232207 0.323191643 -0.014489869 -0.469149709 0.515853286 -0.526167929 0.486766130
1762538014494857472.000000 0.029369948 0.320445627 -0.014833210 -0.467486173 0.516952991 -0.527631521 0.485614449
1762538014994861824.000000 0.105436571 0.320353687 -0.015638635 -0.467151523 0.516266584 -0.527434826 0.486878484
1762538015494867200.000000 0.183120310 0.320369154 -0.016880166 -0.469350219 0.516323328 -0.527226090 0.484926134
1762538016028194816.000000 0.265144914 0.318590462 -0.018934580 -0.469827831 0.517248809 -0.526414275 0.484358937
1762538016561526272.000000 0.343185991 0.316685468 -0.018872522 -0.468650997 0.515285909 -0.527601242 0.486295879
1762538017094845184.000000 0.422886401 0.313836664 -0.018797614 -0.468597442 0.515642226 -0.527740180 0.485818863
1762538017594857472.000000 0.500808060 0.313645691 -0.019741476 -0.469057888 0.517467141 -0.527651846 0.483524680
1762538018128190208.000000 0.579891562 0.311639845 -0.020241830 -0.468418837 0.519628167 -0.527319670 0.482187182
1762538018661526784.000000 0.587941527 0.300269783 -0.019287063 -0.425501674 0.551736951 -0.564506769 0.442568302
1762538019194988288.000000 0.590146542 0.287153900 -0.018386556 -0.374852836 0.587081432 -0.602606773 0.389468789
1762538019695831296.000000 0.590399683 0.274423301 -0.019535994 -0.322401106 0.614610016 -0.635474265 0.338355571
1762538020229961728.000000 0.588442564 0.261292636 -0.019239115 -0.266725421 0.641326189 -0.663046241 0.279156059
1762538020730079232.000000 0.583294213 0.249769241 -0.020658521 -0.212926015 0.660035253 -0.684746861 0.223914787
1762538021230194688.000000 0.577833712 0.239183724 -0.020879358 -0.156846538 0.674734354 -0.701817513 0.166087076
1762538021763647232.000000 0.569251657 0.229756877 -0.020687357 -0.095544860 0.685301542 -0.714631915 0.102636881
1762538022263760128.000000 0.558702230 0.221521959 -0.019059628 -0.038735945 0.686331093 -0.724807680 0.045859393
1762538022763879936.000000 0.573973358 0.150679842 -0.018962273 -0.038395196 0.687316775 -0.723976731 0.044489011
1762538023297338880.000000 0.589529932 0.072593577 -0.019570867 -0.038036749 0.687945902 -0.723452687 0.043588504
1762538023830790912.000000 0.603922248 -0.007847171 -0.020914283 -0.035777770 0.695280313 -0.716694653 0.040669747
1762538024897687552.000000 0.582581401 -0.016148128 -0.016054999 0.079349175 0.688308299 -0.716979325 -0.076655596
1762538025397801472.000000 0.569856703 -0.018183861 -0.015405381 0.135977447 0.678894222 -0.708573878 -0.136146307
1762538025897923072.000000 0.556257546 -0.016556999 -0.015377225 0.192600623 0.663812876 -0.695756912 -0.195396602
1762538026398038016.000000 0.544955611 -0.011515293 -0.013523597 0.247200638 0.644551098 -0.678016484 -0.252466649
1762538026931486720.000000 0.531885326 -0.005052254 -0.013567626 0.302889585 0.620044827 -0.654219866 -0.309513837
1762538027432339456.000000 0.520928264 0.004351981 -0.012415211 0.355671316 0.593980253 -0.624707937 -0.361144513
1762538029567573504.000000 0.468064994 0.045033447 -0.007231736 -0.520609915 -0.456540614 0.486233413 0.533022702
1762538030034211328.000000 0.396222740 0.049225837 -0.007548163 -0.523423851 -0.460002750 0.483763188 0.529526412
1762538030467539968.000000 0.338907093 0.051197063 -0.006596036 -0.519251645 -0.459857434 0.487240165 0.530571342
1762538031467519488.000000 0.200389370 0.054432664 -0.006234712 -0.514325619 -0.459237427 0.493313730 0.530293941
1762538032434141696.000000 0.061149683 0.054182854 -0.005573367 -0.512990117 -0.465054691 0.493072301 0.526730597
1762538033434095360.000000 -0.082709923 0.058193773 -0.005072832 -0.515149593 -0.464915723 0.490835607 0.526834607
1762538034367415808.000000 -0.217393562 0.060369153 -0.005187319 -0.514805496 -0.465543747 0.490069807 0.527329087
1762538034834080512.000000 -0.284332424 0.062776148 -0.005203667 -0.513704956 -0.466265231 0.492175877 0.525801122
1762538037734106880.000000 -0.705794752 0.069064707 -0.005552370 -0.518446445 -0.457163453 0.488296330 0.532711446
1762538040434063360.000000 -1.098067880 0.077333979 -0.004126007 -0.519935846 -0.459662676 0.491215140 0.526388347
1762538042200686592.000000 -1.223664522 0.060364984 -0.007163639 0.457655013 0.524026752 -0.552685142 -0.458788574
1762538044669024768.000000 -1.172968984 0.029421797 -0.005473268 0.209352881 0.659757853 -0.693215132 -0.200857818
1762538046670819072.000000 -1.182895541 -0.136290446 -0.003843009 0.102848060 0.684388161 -0.715516090 -0.095246479
1762538048172216576.000000 -1.166513205 -0.182605371 -0.006448213 -0.023486221 0.692679942 -0.720185995 0.031226015
1762538048706427904.000000 -1.157858133 -0.176196173 -0.007146966 -0.086189710 0.686732054 -0.715226412 0.097065166
1762538049207292928.000000 -1.151187539 -0.171384722 -0.007759791 -0.143152356 0.679315031 -0.702957928 0.154559970
1762538049740539136.000000 -1.146119475 -0.168439180 -0.010446507 -0.203753695 0.662330329 -0.687171161 0.218171433
1762538050273763328.000000 -1.140531898 -0.158637479 -0.012177804 -0.262356788 0.641299844 -0.664962173 0.278798729
1762538050806999808.000000 -1.140236378 -0.149070859 -0.013919894 -0.317748874 0.614786863 -0.638411522 0.336902976
1762538051373546752.000000 -1.144412994 -0.139369264 -0.015899997 -0.375737906 0.580637455 -0.603291690 0.397140294
1762538051940089344.000000 -1.151067853 -0.125816599 -0.013994835 -0.428402871 0.541025817 -0.563496113 0.454130173
1762538052473307648.000000 -1.080642581 -0.135628656 -0.013525125 -0.435385287 0.539389849 -0.555525184 0.459227771
1762538053006522880.000000 -1.000527382 -0.146880329 -0.014208006 -0.435454190 0.540793419 -0.555118740 0.458001584
1762538053539748096.000000 -0.926499128 -0.159559518 -0.012783863 -0.434759676 0.540867269 -0.555604458 0.457985222
1762538054106288640.000000 -0.846340001 -0.170455456 -0.014545439 -0.445178658 0.531019211 -0.546487808 0.470303923
1762538054639527680.000000 -0.769884765 -0.178090081 -0.012931962 -0.442746311 0.533227086 -0.548998475 0.467167377
1762538055172747008.000000 -0.691398442 -0.187340170 -0.013256300 -0.445013255 0.532502055 -0.547920346 0.467106164
1762538055706000640.000000 -0.613734305 -0.188013330 -0.012175389 -0.461186558 0.519985139 -0.533091962 0.482426673
1762538056239231744.000000 -0.535691023 -0.192388892 -0.012458665 -0.460868716 0.519094348 -0.534799814 0.481798977
1762538056772472064.000000 -0.453284144 -0.196684912 -0.012757840 -0.462252587 0.519747078 -0.533395231 0.481326371
1762538057339021312.000000 -0.367617786 -0.200494811 -0.012623092 -0.461533070 0.519306958 -0.534475267 0.481293857
1762538057872244480.000000 -0.287081689 -0.203251168 -0.013573688 -0.463109106 0.518171787 -0.533456624 0.482132643
1762538058405468160.000000 -0.206278846 -0.201361209 -0.012871377 -0.472232491 0.512073517 -0.524637163 0.489421040
1762538058972033536.000000 -0.121907949 -0.202033043 -0.013634672 -0.470702738 0.509262919 -0.525582075 0.492801815
1762538059505274112.000000 -0.044287942 -0.201728106 -0.015603121 -0.470860898 0.506112814 -0.526482761 0.494929969
1762538060071834112.000000 0.043734342 -0.198598087 -0.014809864 -0.474909574 0.509501636 -0.524542630 0.489616275
1762538060605075200.000000 0.124961302 -0.198616490 -0.015024357 -0.475381136 0.509495020 -0.523143172 0.490661651
1762538061138298112.000000 0.203435525 -0.198859155 -0.017477589 -0.476051569 0.508121252 -0.522482276 0.492138177
1762538061704864768.000000 0.288194686 -0.196631357 -0.016473655 -0.477181286 0.507449925 -0.520689547 0.493634403
1762538062238147328.000000 0.365938544 -0.193741515 -0.016632339 -0.477416098 0.505025089 -0.519524276 0.497109860
1762538062738768896.000000 0.438361287 -0.191816643 -0.017533850 -0.478425831 0.502799153 -0.519114792 0.498820275
1762538063239421184.000000 0.514570773 -0.190379441 -0.017871561 -0.478144437 0.505025625 -0.518239498 0.497749925
1762538063739472384.000000 0.588686526 -0.188324392 -0.017440962 -0.477137089 0.505634546 -0.520105660 0.496149272
1762538064272928256.000000 0.622589707 -0.193811789 -0.016559619 -0.454890132 0.527217627 -0.541627228 0.470910341
1762538064806846208.000000 0.625396788 -0.208194286 -0.017329039 -0.404221207 0.564770699 -0.583488941 0.420927614
1762538065340694528.000000 0.627945602 -0.219904929 -0.017026491 -0.352264196 0.597652912 -0.620123208 0.366289645
1762538065840826112.000000 0.627894461 -0.233267367 -0.018096205 -0.301737428 0.624484360 -0.648382425 0.313965321
1762538066341290496.000000 0.624855161 -0.244473562 -0.017489180 -0.247793406 0.646317542 -0.673452735 0.259487152
1762538066842681856.000000 0.617165208 -0.255554646 -0.016586220 -0.192548752 0.663508534 -0.693720281 0.203552485
1762538067343754240.000000 0.612488866 -0.265364379 -0.016901458 -0.135301620 0.676483393 -0.709247291 0.145024374
1762538067910407168.000000 0.602777243 -0.273626059 -0.015673704 -0.069343194 0.686846733 -0.719432533 0.076485470
1762538068477064192.000000 0.607227683 -0.341498256 -0.014849653 -0.027484046 0.688085437 -0.724282503 0.034612503
1762538069043728128.000000 0.619520485 -0.422576070 -0.015704386 -0.026701087 0.687133729 -0.725217283 0.034557316
1762538069577062400.000000 0.623345315 -0.468369067 -0.014279656 -0.002800887 0.687527001 -0.726089656 0.009623920
1762538072243733504.000000 0.556757092 -0.469444007 -0.009727050 0.299062848 0.621278822 -0.658731163 -0.301076949
1762538074443699200.000000 0.519361258 -0.426498234 -0.004407533 -0.502256930 -0.470788628 0.510978878 0.514778316
1762538074977033728.000000 0.439185411 -0.411537021 -0.001745111 -0.543384075 -0.430012375 0.461087793 0.554275393
1762538076043676416.000000 0.286152929 -0.391483307 -0.003302887 -0.540955126 -0.432432950 0.465127766 0.551384985
1762538076577001728.000000 0.212368637 -0.384859681 -0.002884069 -0.531180084 -0.441983938 0.477222145 0.542915106
1762538077476986368.000000 0.089369133 -0.374753207 -0.001055241 -0.527561903 -0.444367081 0.481003165 0.541158378
1762538079576935424.000000 -0.215896741 -0.351261824 -0.003495740 -0.530651093 -0.448263913 0.480445266 0.535388887
1762538082076935680.000000 -0.575859785 -0.331916451 -0.000836683 -0.525687814 -0.453855991 0.482158482 0.534032047
1762538084112022272.000000 -0.872431636 -0.327467024 -0.003459869 -0.523327410 -0.455775231 0.480877310 0.535867870
1762538087012748288.000000 -1.176678061 -0.331750691 -0.006771219 0.480168492 0.499343187 -0.526949406 -0.492360592
1762538089680112128.000000 -1.132808685 -0.386810452 -0.005050004 0.209582850 0.655883789 -0.693571150 -0.211779594
1762538090213562368.000000 -1.154679298 -0.461772174 -0.003286418 0.148062676 0.675081193 -0.707583010 -0.147204682
1762538090747018496.000000 -1.156024575 -0.501847804 -0.002486080 0.095593080 0.682829857 -0.718423069 -0.092052773
1762538091247133696.000000 -1.142796397 -0.500276923 -0.004077991 0.037736010 0.690071166 -0.722019255 -0.032650452
1762538091747238400.000000 -1.131714225 -0.499002993 -0.005565589 -0.018156994 0.691127062 -0.722051978 0.025588309
1762538092280681728.000000 -1.120332956 -0.492792606 -0.005955070 -0.080106907 0.686145604 -0.717582226 0.088673003
1762538092780788992.000000 -1.111122847 -0.485077381 -0.006835880 -0.136912167 0.677409887 -0.707396328 0.148193911
1762538093280895232.000000 -1.102260947 -0.477632165 -0.008510333 -0.193609595 0.666000128 -0.690595150 0.205030575
1762538093814344960.000000 -1.096032858 -0.465971231 -0.009673247 -0.253193349 0.645603716 -0.669192255 0.266965717
1762538094314451968.000000 -1.094974756 -0.458522677 -0.009361098 -0.305475175 0.622656822 -0.644879878 0.321112663
1762538094814561024.000000 -1.093725681 -0.445981681 -0.011211820 -0.358449072 0.595352530 -0.613997936 0.374267697
1762538095314667264.000000 -1.096956491 -0.435931534 -0.016123444 -0.406401515 0.561740577 -0.581537962 0.425557196
1762538095848105984.000000 -1.072299957 -0.433852524 -0.017204093 -0.438789010 0.537893474 -0.554105699 0.459458113
1762538096348207360.000000 -1.002044678 -0.441433311 -0.015584832 -0.439039499 0.536339879 -0.554901421 0.460074157
1762538096848321792.000000 -0.931288540 -0.451256037 -0.016662968 -0.438917667 0.536487937 -0.555483580 0.459314823
1762538097348437504.000000 -0.860259175 -0.459766537 -0.015647307 -0.446436644 0.530845404 -0.548254073 0.467241973
1762538097848554496.000000 -0.787225962 -0.465826362 -0.016523344 -0.446931541 0.530331135 -0.548097730 0.467536092
1762538098382010368.000000 -0.710848987 -0.474337459 -0.016253825 -0.447205991 0.529914677 -0.547857285 0.468027562
1762538098915457792.000000 -0.636797011 -0.483797848 -0.014448337 -0.445087463 0.529022574 -0.549450397 0.469187111
1762538099415569408.000000 -0.565041482 -0.485401809 -0.013052067 -0.453335434 0.522134542 -0.542247772 0.477315158
1762538099915689728.000000 -0.491584390 -0.493485093 -0.012186974 -0.454310089 0.523103118 -0.541049182 0.476687878
1762538100449148416.000000 -0.414118230 -0.487067103 -0.012687344 -0.479650378 0.501847744 -0.516005039 0.501819968
1762538100949260800.000000 -0.342841119 -0.484992594 -0.012689443 -0.478425264 0.499496520 -0.517760694 0.503524005
1762538101449382912.000000 -0.269044459 -0.483570784 -0.011852995 -0.478835195 0.499353021 -0.517782211 0.503254414
1762538101982860032.000000 -0.188860506 -0.482061684 -0.011697017 -0.478453159 0.499147773 -0.517909765 0.503689945
1762538102482992128.000000 -0.114984266 -0.480254054 -0.011713656 -0.479023516 0.498079538 -0.518337727 0.503765106
1762538102983121408.000000 -0.039742306 -0.478850871 -0.012303574 -0.480309516 0.499185354 -0.516406298 0.503429592
1762538103483254784.000000 0.036164925 -0.476513654 -0.013112515 -0.480821162 0.502489865 -0.514625847 0.501472950
1762538103983392000.000000 0.110430442 -0.473320305 -0.013055747 -0.482422054 0.503363490 -0.513737381 0.499968201
1762538104484127488.000000 0.185083017 -0.469340742 -0.013298189 -0.483819395 0.503392279 -0.512498856 0.499859929
1762538105018988544.000000 0.262084246 -0.464327872 -0.014646390 -0.483574331 0.502387345 -0.513592482 0.499985695
1762538105519658752.000000 0.333876520 -0.459350526 -0.015459279 -0.482563853 0.501148641 -0.515942276 0.499785781
1762538106052991744.000000 0.412304997 -0.455389440 -0.016118191 -0.483724445 0.500156522 -0.516051888 0.499544412
1762538106586328832.000000 0.489380896 -0.451690197 -0.016462501 -0.482961535 0.499423146 -0.516265333 0.500794232
1762538107119660032.000000 0.566628635 -0.447545558 -0.016517254 -0.484325320 0.498784512 -0.515428185 0.500975966
1762538107719658752.000000 0.627747476 -0.446296126 -0.015447384 -0.475857466 0.505992591 -0.524142444 0.492753476
1762538108286312960.000000 0.633301020 -0.458648503 -0.015207961 -0.425683051 0.547705233 -0.568983793 0.441667825
1762538108819639296.000000 0.637187600 -0.471030504 -0.015922915 -0.374376029 0.582535028 -0.608362854 0.387801707
1762538109352956672.000000 0.636197507 -0.484355241 -0.015307099 -0.320299357 0.612778604 -0.640829921 0.333538443
1762538109886288896.000000 0.633980930 -0.498039544 -0.015034797 -0.263606995 0.638879061 -0.668535113 0.274601102
1762538110452944384.000000 0.628207505 -0.512141585 -0.015203198 -0.199724168 0.659945607 -0.692977846 0.210627154
1762538110986259712.000000 0.620863318 -0.522550166 -0.015136497 -0.139597416 0.674778640 -0.709163249 0.149244621
1762538111519579648.000000 0.611129642 -0.530860782 -0.014069658 -0.075628288 0.684771597 -0.719926059 0.084111214
1762538112052900864.000000 0.601553440 -0.548243701 -0.011041578 -0.018980309 0.682739079 -0.729812503 0.029678242
1762538112586226688.000000 0.615176201 -0.634083688 -0.012380248 -0.020552300 0.691201091 -0.721880496 0.026595971
1762538113152880640.000000 0.626533985 -0.718057692 -0.013136812 -0.022146283 0.692983150 -0.720031619 0.028954599
1762538113652889856.000000 0.634060562 -0.778051138 -0.014025986 -0.015602360 0.696759224 -0.716832280 0.020850919
1762538114186225152.000000 0.623626649 -0.778347015 -0.011451678 0.040281732 0.694155037 -0.717811346 -0.035680909
1762538116919527168.000000 0.554656982 -0.768345714 -0.009363748 0.337561369 0.604603291 -0.633564234 -0.345114022
1762538116986191616.000000 0.553580344 -0.767609477 -0.009048098 0.344191164 0.600345850 -0.630146444 -0.352183044
1762538117519526656.000000 0.543036878 -0.755836368 -0.008088212 0.396468371 0.567454338 -0.597099662 -0.405315310
1762538118519539456.000000 0.519124448 -0.733370721 -0.004541446 0.481165677 0.489974439 -0.527463496 -0.500186801
1762538119086204160.000000 0.433587700 -0.739060938 -0.004375092 0.487235010 0.490557790 -0.520193636 -0.501352012
1762538119619533568.000000 0.356405616 -0.745342612 -0.005402214 0.485317916 0.490294546 -0.521796405 -0.501803160
1762538120686803968.000000 0.209599182 -0.763644159 -0.003458233 0.481574148 0.495645911 -0.525829554 -0.495908201
1762538121220998400.000000 0.133607030 -0.772810340 -0.003533063 0.481910050 0.498389035 -0.524893880 -0.493819267
1762538121721148416.000000 0.062994897 -0.782615602 -0.003840060 0.480114549 0.499463826 -0.525266528 -0.494086146
1762538122254608896.000000 -0.012782674 -0.791379452 -0.003269404 0.481106967 0.498549759 -0.524328589 -0.495039225
1762538123821634816.000000 -0.240465730 -0.820637882 -0.004204416 0.484340459 0.496167749 -0.520284593 -0.498533607
1762538124321746688.000000 -0.311954409 -0.828693390 -0.004424075 0.483451664 0.494394749 -0.521237910 -0.500159264
1762538124821865728.000000 -0.382752359 -0.835903466 -0.004652747 0.482843012 0.495679855 -0.522066832 -0.498608440
1762538125321984000.000000 -0.455766678 -0.844350815 -0.005045181 0.484120429 0.495173484 -0.521848202 -0.498101592
1762538125855442432.000000 -0.533238173 -0.853946209 -0.005263203 0.484929144 0.496858865 -0.521530688 -0.495964587
1762538126388900352.000000 -0.612485528 -0.857685387 -0.006157381 -0.499405384 -0.481320381 0.504909992 0.513800442
1762538126889012992.000000 -0.683559060 -0.862629235 -0.006998244 -0.497417182 -0.479440689 0.507247686 0.515182197
1762538127355783936.000000 -0.751012683 -0.865580678 -0.006656973 -0.497449189 -0.478756189 0.508038402 0.515008688
1762538127855895808.000000 -0.824326932 -0.871108770 -0.007589536 -0.497109115 -0.479846925 0.507486701 0.514865637
1762538128356008192.000000 -0.896662116 -0.875587463 -0.006630872 -0.496760666 -0.478697330 0.507601798 0.516157150
1762538128856126464.000000 -0.970600188 -0.880349934 -0.006878116 -0.497711390 -0.480130851 0.506247461 0.515239179
1762538129356245760.000000 -1.043307066 -0.884511471 -0.006588682 -0.496654004 -0.480573118 0.508081198 0.514040709
1762538129823029504.000000 -1.108704209 -0.889940023 -0.005494026 -0.494859040 -0.481062055 0.510518134 0.512898624
1762538130289895424.000000 -1.173607945 -0.894660473 -0.003853604 -0.492902309 -0.481185198 0.513358235 0.511831582
1762538130690985984.000000 -1.229503512 -0.901255369 -0.003253445 -0.492433429 -0.482496560 0.513219595 0.511187077
1762538131092148992.000000 -1.249848485 -0.906812072 -0.003668389 0.477402240 0.497739762 -0.528792202 -0.494692922
1762538131492776192.000000 -1.245905161 -0.914389789 -0.003536136 0.444565803 0.529630184 -0.558533192 -0.458141595
1762538131893003008.000000 -1.238272071 -0.921522379 -0.002587014 0.408552170 0.557587147 -0.587352693 -0.420949668
1762538132226530560.000000 -1.233138204 -0.926070035 -0.002438668 0.377694577 0.580212533 -0.608687341 -0.387556434
1762538132626567168.000000 -1.224625230 -0.931499898 -0.002237506 0.338133037 0.603866994 -0.633070230 -0.346746057
1762538133059877120.000000 -1.213923216 -0.937980056 -0.002073174 0.294242412 0.626694262 -0.655862153 -0.300866455
1762538133593180416.000000 -1.198500514 -0.942472875 -0.001852209 0.237960055 0.650883257 -0.678597987 -0.243373886
1762538134159807232.000000 -1.182912588 -0.948256910 -0.001463879 0.175030380 0.667360902 -0.701660752 -0.177949607
1762538134693112064.000000 -1.193498731 -1.023744106 -0.002126632 0.112459660 0.685105264 -0.710870206 -0.112459809
1762538135226407168.000000 -1.191143751 -1.068332553 -0.002667286 0.061938770 0.689857721 -0.718788147 -0.060030267
1762538135759698688.000000 -1.177199244 -1.067122340 -0.004357947 0.001636799 0.695406437 -0.718613803 0.001211339
1762538136226312448.000000 -1.163609982 -1.073076844 -0.005849380 -0.057796150 0.687827528 -0.720585883 0.065641552
1762538136726278912.000000 -1.126673102 -1.151632905 -0.010301247 -0.118095785 0.683499396 -0.709222555 0.126036987
1762538137159574528.000000 -1.091686487 -1.202116370 -0.008705301 -0.167249277 0.671584725 -0.699464679 0.178187728
1762538137626213376.000000 -1.047519207 -1.254691362 -0.008899128 -0.220936865 0.656590760 -0.682069600 0.234214664
1762538138059518208.000000 -0.999135792 -1.290692925 -0.009034218 -0.269068480 0.638974428 -0.662840664 0.282765329
1762538138526150144.000000 -0.943155468 -1.323372960 -0.009056961 -0.317696959 0.617492020 -0.638561964 0.331678987
1762538138992777216.000000 -0.885787308 -1.343054652 -0.009030245 -0.361484170 0.591076791 -0.612837374 0.379984021
1762538139559401472.000000 -0.812818766 -1.354732513 -0.010445373 -0.414875567 0.554187357 -0.574514031 0.436678678
1762538140092704000.000000 -0.745079756 -1.355187058 -0.011371106 -0.462936103 0.515837550 -0.533587039 0.484651148
1762538140659333888.000000 -0.670479417 -1.339184403 -0.010433599 -0.510537505 0.472151905 -0.484761715 0.530499816
1762538141192620800.000000 -0.604805708 -1.313224554 -0.009558802 -0.548998356 0.425408542 -0.434484780 0.573455572
1762538141725907712.000000 -0.542264283 -1.276026607 -0.011638476 -0.584396243 0.374601752 -0.381241202 0.610581517
1762538142259177472.000000 -0.492271245 -1.227273226 -0.010633581 -0.613102078 0.320376009 -0.327297628 0.643693507
1762538142825814528.000000 -0.435775876 -1.170437336 -0.008821305 -0.623085618 0.299507558 -0.306546688 0.654284954
1762538143359108096.000000 -0.377231807 -1.116032124 -0.009123760 -0.624226451 0.298735797 -0.304394424 0.654555023
1762538143925740800.000000 -0.332884014 -1.050663114 -0.008700048 -0.648357868 0.247204274 -0.246873736 0.676443219
1762538144459032064.000000 -0.284536660 -0.989165664 -0.008260168 -0.649262249 0.246273175 -0.244816676 0.676663101
1762538145025660416.000000 -0.235737115 -0.924416780 -0.008533383 -0.647662938 0.245010480 -0.246747881 0.677951455
1762538145558955776.000000 -0.191717416 -0.861173213 -0.009178906 -0.651282609 0.234907702 -0.234899208 0.682254910
1762538146125580032.000000 -0.146085128 -0.792259395 -0.009492743 -0.660716951 0.216938838 -0.210239783 0.687160730
1762538146659366144.000000 -0.104999527 -0.728148878 -0.009702240 -0.659633577 0.216894746 -0.208761424 0.688664615
1762538147160125184.000000 -0.067727625 -0.668241858 -0.009251536 -0.658154964 0.216883555 -0.209690481 0.689799666
1762538147660546816.000000 -0.029782403 -0.607101917 -0.009243262 -0.658521473 0.215004101 -0.209341466 0.690144122
1762538148160825344.000000 0.007256329 -0.542868495 -0.011003746 -0.663939059 0.202913001 -0.195164621 0.692764103
1762538148694335488.000000 0.026966413 -0.468253016 -0.012852640 -0.680754006 0.139600620 -0.128440380 0.707522988
1762538149194452224.000000 0.035006981 -0.393981963 -0.015726648 -0.691648781 0.081956901 -0.067045197 0.714429915
1762538149694564608.000000 0.027763318 -0.368187428 -0.016610350 -0.692134023 0.036155526 -0.018793300 0.720617831
1762538150194674944.000000 0.030565046 -0.289512634 -0.018286064 -0.698088109 0.033873536 -0.016670521 0.715015888
1762538150694791680.000000 0.039000846 -0.217705518 -0.018457420 -0.695155799 0.049775980 -0.033180792 0.716365814
1762538151194909696.000000 0.042078223 -0.147332594 -0.018000429 -0.692777216 0.046412807 -0.031288128 0.718976080
1762538151728363008.000000 0.046166632 -0.071599983 -0.018665567 -0.691794932 0.043709915 -0.027218018 0.720255792
1762538152228472832.000000 0.048836078 0.004992992 -0.019144649 -0.692748010 0.042105146 -0.027608491 0.719420016
1762538152361835520.000000 0.048878655 0.023629948 -0.019637968 -0.692470729 0.040723585 -0.027453812 0.719772398
1762538152861945856.000000 0.049920037 0.032579061 -0.020107692 -0.692216814 0.040512517 -0.025649136 0.720095038
1762538153395398144.000000 0.048370786 0.030803138 -0.019589210 -0.692591906 0.035172991 -0.020456428 0.720181167
1762538153895520000.000000 0.049030606 0.006064562 -0.018629488 -0.690221548 0.038540721 -0.023206526 0.722198308
1762538154395642624.000000 0.049170177 0.005048981 -0.019643445 -0.694485247 0.036663719 -0.021353342 0.718254924
1762538154929101568.000000 0.048976488 0.004461696 -0.019598700 -0.692750156 0.036597889 -0.021271877 0.719934344
1762538155462565376.000000 0.048915945 0.004246837 -0.019075029 -0.692762971 0.036694463 -0.021170128 0.719920099
1762538155996044032.000000 0.048833467 0.004268188 -0.019278679 -0.692693233 0.036739990 -0.021213209 0.719983578
1762538156529519616.000000 0.048479598 0.003588773 -0.019094821 -0.692679882 0.036796115 -0.021307871 0.719990790
1762538157029649152.000000 0.048585467 0.003764270 -0.019098317 -0.692748308 0.036760435 -0.021261040 0.719928145
