1756587173186058240.000000 -0.017844800 0.001398850 0.001789579 -0.710856795 0.017175725 -0.008465322 0.703076124
1756587173452708608.000000 -0.016709298 0.034963939 0.000770243 -0.719715595 0.014330863 -0.006102789 0.694094300
1756587173752700416.000000 -0.015857235 0.063033849 0.002491441 -0.717682898 0.016283326 -0.007491567 0.696139395
1756587174019359232.000000 -0.015252342 0.089461446 0.002406388 -0.717460930 0.017197207 -0.008265316 0.696337461
1756587174286012160.000000 -0.015007045 0.115685306 0.001945714 -0.717338622 0.016947238 -0.009480043 0.696454108
1756587174552664064.000000 -0.013659280 0.141971275 0.001704991 -0.717453539 0.017607490 -0.009481979 0.696319342
1756587175085984256.000000 -0.012237027 0.193907574 0.000745565 -0.716659606 0.016080005 -0.007455620 0.697197914
1756587175885957888.000000 0.018733993 0.274982631 0.001568832 -0.706841230 0.100661926 -0.090588696 0.694288433
1756587175985955840.000000 0.023946265 0.285522223 0.001443366 -0.706755042 0.104880966 -0.094251186 0.693263352
1756587176119285504.000000 0.026624169 0.297551244 0.001277506 -0.706891835 0.101925991 -0.091259308 0.693964541
1756587176485935104.000000 0.036975645 0.333462298 0.002076809 -0.707834184 0.108899288 -0.099635817 0.690785408
1756587176619266816.000000 0.046334840 0.345656574 0.001711114 -0.704137027 0.128360227 -0.118161902 0.688296795
1756587176819262464.000000 0.059351616 0.364701867 0.001049495 -0.700427294 0.151443690 -0.140737131 0.683124840
1756587176952592384.000000 0.067926109 0.375683069 0.001093865 -0.695799410 0.166464210 -0.155592158 0.681134343
1756587177085920512.000000 0.078802340 0.387547672 0.000876450 -0.692508161 0.183316067 -0.170801342 0.676501811
1756587177252579072.000000 0.092074461 0.400568455 0.000443590 -0.686930954 0.198707193 -0.185948417 0.673843145
1756587177585897216.000000 0.107203864 0.428041667 0.000668815 -0.689096630 0.194890440 -0.182947263 0.673568010
1756587177785894400.000000 0.122397095 0.444825739 0.000455933 -0.683242083 0.216393098 -0.203538835 0.667028010
1756587177985889792.000000 0.139113799 0.457983404 0.001174998 -0.674934506 0.238031462 -0.225314125 0.661088467
1756587178219214080.000000 0.160274968 0.473238885 0.001386506 -0.664453506 0.263730019 -0.252659559 0.652005553
1756587178452535552.000000 0.182978645 0.487267941 0.001454828 -0.653306603 0.288435817 -0.277843028 0.642494082
1756587178652531456.000000 0.202368006 0.496731848 0.001854198 -0.642500341 0.310601950 -0.299202293 0.633401752
1756587178819196416.000000 0.220209986 0.504578650 0.001821451 -0.633715332 0.328257114 -0.316331983 0.624968946
1756587179019191552.000000 0.242018610 0.512878299 0.001849895 -0.621865392 0.349214554 -0.338290215 0.613915682
1756587179219184896.000000 0.264312863 0.519122303 0.001792094 -0.608568192 0.370506912 -0.359148920 0.602811396
1756587179419174912.000000 0.280546516 0.528310537 0.001620511 -0.609921217 0.367690593 -0.356855929 0.604527712
1756587179752508160.000000 0.309818268 0.543902934 0.001071757 -0.611016095 0.367523074 -0.356754005 0.603583217
1756587179952507904.000000 0.331662476 0.552214563 0.001259828 -0.603729069 0.384717047 -0.370377392 0.591882288
1756587180152506880.000000 0.351687372 0.554292917 0.002379159 -0.588299036 0.400787771 -0.389985561 0.584110260
1756587180419167488.000000 0.375847697 0.565163612 0.002143424 -0.591075242 0.399449021 -0.385908544 0.584931731
1756587180619312640.000000 0.394317299 0.573158503 0.002026778 -0.591194689 0.400010973 -0.386203915 0.584231555
1756587180852972032.000000 0.415404856 0.581977904 0.002014685 -0.591414630 0.399397910 -0.384685367 0.585429132
1756587181153428224.000000 0.442001134 0.593173623 0.002426270 -0.591722012 0.399168044 -0.383885652 0.585800052
1756587181654053632.000000 0.495646775 0.602296352 0.002403803 -0.568928659 0.430858970 -0.414054632 0.565012753
1756587181687395328.000000 0.498055130 0.603323221 0.002621360 -0.568735480 0.430124909 -0.414151818 0.565694988
1756587181954126848.000000 0.523636758 0.611402690 0.002754301 -0.569338918 0.430234700 -0.413210809 0.565692663
1756587182287540736.000000 0.554637790 0.620197415 0.003161497 -0.569272935 0.430480003 -0.412166327 0.566333950
1756587182654298112.000000 0.589091182 0.630078256 0.003762273 -0.565927327 0.433134228 -0.415838301 0.564977467
1756587182854349824.000000 0.613023520 0.630069971 0.003330639 -0.551074207 0.452758491 -0.434910566 0.549708843
1756587183121084928.000000 0.637443841 0.637373269 0.003524378 -0.554224491 0.449249536 -0.432671785 0.551185250
1756587183621214720.000000 0.684258282 0.649749994 0.003427705 -0.554116905 0.449027717 -0.433520019 0.550807655
1756587183987974144.000000 0.719372988 0.658199072 0.003179945 -0.555165350 0.447558165 -0.432509989 0.551741064
1756587184388076288.000000 0.757092297 0.667040646 0.003271786 -0.555167019 0.448060989 -0.432221323 0.551557541
1756587184754835712.000000 0.791625381 0.675689042 0.003468174 -0.554355919 0.448119074 -0.433057547 0.551670194
1756587185254962176.000000 0.840477169 0.687944591 0.002789948 -0.555077195 0.448061794 -0.432318985 0.551570773
1756587185721750528.000000 0.886288702 0.698872805 0.001893358 -0.556840301 0.448274195 -0.430376440 0.551139951
1756587186221886720.000000 0.933870673 0.710472882 0.001631148 -0.556864262 0.447510123 -0.430827588 0.551384270
1756587186588651520.000000 0.968011022 0.718733132 0.002423614 -0.558027983 0.447677612 -0.429571569 0.551051617
1756587186822040064.000000 0.991450608 0.720923305 0.002428275 -0.546731830 0.460117400 -0.442952961 0.541450799
1756587187022086400.000000 1.015228152 0.718905926 0.002076812 -0.531246841 0.479128331 -0.460270911 0.525702834
1756587187522203136.000000 1.063594341 0.726986706 0.000945253 -0.532446623 0.476805240 -0.459179431 0.527552545
1756587188022323968.000000 1.110389352 0.734403789 0.001748994 -0.532658935 0.475985318 -0.459308594 0.527965963
1756587188522444032.000000 1.160128117 0.740125716 0.000547376 -0.533591568 0.477252245 -0.458571553 0.526519239
1756587188922538752.000000 1.200233579 0.743819952 0.000096601 -0.524096847 0.486704230 -0.469048530 0.518107176
1756587189122586624.000000 1.220382333 0.739226758 0.000674957 -0.504354358 0.504909277 -0.488873303 0.501693428
1756587189422657280.000000 1.251935244 0.730772972 0.001219694 0.478112549 -0.529249489 0.514093816 -0.476456612
1756587189922777856.000000 1.301165581 0.729276955 0.001157055 0.481584668 -0.528532386 0.510649800 -0.477458537
1756587190156167168.000000 1.324897885 0.720078766 0.002079148 0.457701743 -0.547866106 0.531229794 -0.456231058
1756587190422898944.000000 1.352536201 0.707476020 0.001890788 0.434312016 -0.566848934 0.550559700 -0.432364881
1756587190923013632.000000 1.398707509 0.698193073 0.002546156 0.437348425 -0.564712942 0.547717810 -0.435695887
1756587191123058432.000000 1.420438528 0.691214800 0.001892909 0.427004278 -0.575625658 0.555405438 -0.421719491
1756587191356444672.000000 1.441955328 0.677342951 0.002285313 0.402173400 -0.590642333 0.573709488 -0.400319606
1756587191589832704.000000 1.462287307 0.663160264 0.003142705 0.386126250 -0.601349294 0.583837628 -0.385252029
1756587192089965056.000000 1.507798791 0.646350563 0.002744900 0.389717162 -0.600053191 0.581565738 -0.387089223
1756587192390044928.000000 1.535330772 0.634189367 0.003109917 0.382554054 -0.604549408 0.586551666 -0.379644126
1756587192890173696.000000 1.576989412 0.593417287 0.002600621 0.328214705 -0.637693524 0.616320610 -0.325224638
1756587193356958976.000000 1.613266230 0.568855345 0.001874035 0.325695395 -0.637336314 0.618361056 -0.324583799
1756587193590351360.000000 1.629244089 0.547279656 0.001662809 0.296182662 -0.651870191 0.632407725 -0.295637548
1756587193857081344.000000 1.644903421 0.522741973 0.002476178 0.268074572 -0.663592160 0.644704521 -0.268584371
1756587194190493696.000000 1.661266565 0.489772290 0.003313398 0.232009113 -0.677426636 0.657648861 -0.234014750
1756587194423883520.000000 1.671794057 0.464772046 0.003560223 0.203914925 -0.686775625 0.666738451 -0.205469936
1756587194623928064.000000 1.677349925 0.444069147 0.004247241 0.181525126 -0.691890597 0.673705161 -0.185627013
1756587194823971328.000000 1.683882594 0.423148483 0.003677920 0.172423825 -0.694815278 0.675463855 -0.176778138
1756587195024013056.000000 1.692875266 0.407887101 0.003680252 0.174494758 -0.692599893 0.676196158 -0.180598512
1756587195390757632.000000 1.710741520 0.374196023 0.004018676 0.166866198 -0.695781052 0.677127719 -0.171879500
1756587195657484800.000000 1.714535236 0.344179094 0.004078478 0.130952433 -0.701990962 0.686001480 -0.139506817
1756587195857533440.000000 1.717029929 0.319949031 0.003541261 0.107590079 -0.707136929 0.689202726 -0.115678370
1756587196057583360.000000 1.717538118 0.297803342 0.003986506 0.083280727 -0.710113704 0.692922115 -0.093068928
1756587196257633024.000000 1.716904044 0.274885535 0.004375760 0.058244847 -0.712056160 0.696383715 -0.068068631
1756587196457681920.000000 1.714974761 0.251190871 0.004381914 0.034572586 -0.713761628 0.698082507 -0.045054719
1756587196657730304.000000 1.711564541 0.228454947 0.004579164 0.010357049 -0.713952959 0.699808657 -0.020777922
1756587196857776896.000000 1.706473470 0.206052050 0.004430624 -0.013325030 -0.713634253 0.700389504 0.001771788
1756587197924699392.000000 1.655784965 0.093260750 0.005813394 -0.141939044 -0.699759185 0.688073397 0.129404202
1756587200825386496.000000 1.390832424 -0.064465538 0.006419149 -0.430018067 -0.571638584 0.565813601 0.410083979
1756587203492639744.000000 1.138291001 -0.120553479 0.005015074 -0.447325349 -0.555189073 0.553388953 0.430611014
1756587206193297920.000000 0.882031024 -0.168567702 0.004288782 -0.464560956 -0.540132225 0.540309131 0.447779328
1756587209094003712.000000 0.604252458 -0.205513835 0.003108028 -0.475922108 -0.534486651 0.532812476 0.451589614
1756587211494582528.000000 0.367718667 -0.228992477 0.000374871 -0.484616309 -0.528202415 0.521192133 0.463149965
1756587214361933312.000000 0.084540516 -0.220772415 -0.001895864 -0.555972517 -0.450613707 0.446668297 0.536963105
1756587215362176256.000000 -0.010247007 -0.186270684 -0.001636420 -0.578447700 -0.421929389 0.418292463 0.558932245
1756587218162846208.000000 -0.057470184 -0.069457322 0.000825327 -0.704762161 -0.127114251 0.132457167 0.685279071
1756587220130007552.000000 -0.021338379 -0.045870375 0.001521265 -0.715680003 0.028354673 -0.018792050 0.697599530
1756587220630140416.000000 -0.021669112 -0.045999069 0.001424493 -0.715516090 0.026452051 -0.016945481 0.697889626
1756587221130268928.000000 -0.020494889 -0.032310177 0.003488183 -0.709967136 0.027904199 -0.018085832 0.703449309
1756587221630396160.000000 -0.018313983 -0.006322948 0.001582882 -0.715266168 0.030420583 -0.021477994 0.697859347
1756587222163842560.000000 -0.018333565 -0.006455988 0.001857362 -0.715126932 0.030393956 -0.021124361 0.698014021
1756587222663951872.000000 -0.018252485 -0.006645260 0.001822837 -0.715068936 0.030288924 -0.021167018 0.698076665
1756587223197422080.000000 -0.018232286 -0.006348291 0.001828515 -0.715120018 0.030319884 -0.021123055 0.698024333
1756587223697551616.000000 -0.018266512 -0.006430984 0.001846790 -0.715078056 0.030299822 -0.021182554 0.698066413
1756587224231026176.000000 -0.018377477 -0.006792486 0.002041181 -0.715084374 0.030248165 -0.021234738 0.698060513
1756587224764495616.000000 -0.018111397 -0.006659484 0.002016638 -0.715095997 0.030146603 -0.021130772 0.698056221
1756587225297956608.000000 -0.017757742 -0.006652800 0.001654323 -0.714923739 0.030160733 -0.020833511 0.698240995
1756587225798079744.000000 -0.018027704 -0.006565513 0.001701367 -0.714982271 0.030215694 -0.021027427 0.698172867
1756587226298207232.000000 -0.018044900 -0.006591538 0.001698811 -0.714994371 0.030137299 -0.021095410 0.698161840
1756587226831665152.000000 -0.018082820 -0.006777782 0.001965205 -0.715034187 0.030232523 -0.021033783 0.698118746
1756587227331768832.000000 -0.018248390 -0.006832844 0.001984593 -0.715030015 0.030229934 -0.021118745 0.698120475
1756587227831875584.000000 -0.017901581 -0.006924741 0.001801790 -0.714962006 0.030146442 -0.020931194 0.698199451
1756587228331983872.000000 -0.017940158 -0.006915166 0.001875574 -0.714947581 0.030203005 -0.020925002 0.698211968
1756587228832095488.000000 -0.017854597 -0.007016986 0.001783883 -0.714893103 0.030222964 -0.020865701 0.698268652
1756587229365550592.000000 -0.017911509 -0.006803786 0.001550075 -0.714852512 0.030210417 -0.020901322 0.698309720
1756587229865657088.000000 -0.017770551 -0.006918581 0.001624108 -0.714853287 0.030210327 -0.020813534 0.698311567
1756587230399096576.000000 -0.017868757 -0.006772371 0.001510669 -0.714837313 0.030199153 -0.020883221 0.698326230
1756587230899217664.000000 -0.017699799 -0.007101597 0.001653921 -0.714862227 0.030128194 -0.020858672 0.698304534
1756587231432692992.000000 -0.017899780 -0.006935534 0.001654169 -0.714861035 0.030263491 -0.020911446 0.698298335
1756587231932814592.000000 -0.017832045 -0.006970853 0.001690136 -0.714848518 0.030222975 -0.020867532 0.698314190
1756587232432931072.000000 -0.017890394 -0.006985941 0.001670319 -0.714841008 0.030264480 -0.020863697 0.698320210
1756587232933039616.000000 -0.017796509 -0.007023744 0.001672008 -0.714859903 0.030275790 -0.020831957 0.698301375
1756587233433143808.000000 -0.017726220 -0.007071819 0.001699988 -0.714833379 0.030214669 -0.020776646 0.698332787
1756587233933246976.000000 -0.017713934 -0.006949507 0.001651876 -0.714853287 0.030245654 -0.020780342 0.698310912
1756587234433348096.000000 -0.017895367 -0.007018602 0.001849213 -0.714894354 0.030278375 -0.020873602 0.698264718
1756587234933457664.000000 -0.017945416 -0.006995642 0.001916286 -0.714942992 0.030206630 -0.020968545 0.698215187
1756587235433569024.000000 -0.018046105 -0.006920934 0.001731135 -0.714874566 0.030255623 -0.020997372 0.698282242
1756587235967026432.000000 -0.018125961 -0.007050667 0.001988118 -0.714947224 0.030197192 -0.021040685 0.698209167
1756587236467144448.000000 -0.017870646 -0.006980237 0.001726348 -0.714845002 0.030308172 -0.020874837 0.698313892
1756587236967270656.000000 -0.017849894 -0.006979535 0.001873345 -0.714909852 0.030294361 -0.020865412 0.698248446
1756587237467399936.000000 -0.017725933 -0.007061419 0.001930042 -0.714936912 0.030240344 -0.020804590 0.698224902
1756587238000859136.000000 -0.017825752 -0.006998302 0.001766102 -0.714887083 0.030225730 -0.020892734 0.698273897
1756587238500973312.000000 -0.017792258 -0.007084642 0.001828638 -0.714882851 0.030236747 -0.020823719 0.698279858
1756587239034426368.000000 -0.017738104 -0.007039146 0.001677033 -0.714835882 0.030242926 -0.020794945 0.698328495
1756587239567880704.000000 -0.017790589 -0.006909862 0.001586140 -0.714815140 0.030261174 -0.020868849 0.698346734
1756587240068020480.000000 -0.017823538 -0.006957452 0.001853283 -0.714914978 0.030249683 -0.020868732 0.698244989
1756587240601505792.000000 -0.017683990 -0.006845903 0.001711190 -0.714877248 0.030239971 -0.020724716 0.698288381
1756587241101630208.000000 -0.017905165 -0.006953942 0.001707717 -0.714832842 0.030332508 -0.020888191 0.698324978
1756587241601755648.000000 -0.017886644 -0.007002037 0.001740611 -0.714873254 0.030316958 -0.020874642 0.698284626
1756587242101885952.000000 -0.017776428 -0.006974080 0.001843418 -0.714905977 0.030235361 -0.020798512 0.698256910
1756587242602018304.000000 -0.017650858 -0.007128462 0.002060701 -0.714947820 0.030301016 -0.020734824 0.698213100
1756587243102134272.000000 -0.017798640 -0.006532315 0.002990470 -0.709561288 0.029771315 -0.020317487 0.703721285
1756587243602249728.000000 -0.014459927 0.048906054 0.002676766 -0.714949667 0.030831167 -0.021196945 0.698174119
1756587244135699456.000000 -0.011349996 0.102396965 0.002585144 -0.716931880 0.031271622 -0.022153486 0.696089089
1756587244635809536.000000 -0.008393218 0.152007863 0.002321292 -0.717240155 0.030402470 -0.022053458 0.695813239
1756587245135932160.000000 0.010285185 0.202576816 0.001352740 -0.710138023 0.083184026 -0.073400632 0.695267498
1756587245669395968.000000 0.042578436 0.254766285 0.002274232 -0.699730396 0.148420230 -0.137205929 0.685217798
1756587246169517312.000000 0.068018250 0.298934847 0.001959799 -0.696477771 0.162668705 -0.151049644 0.682379425
1756587246669639424.000000 0.096158206 0.340682983 0.002114112 -0.686755538 0.194468752 -0.182723209 0.676136911
1756587247169767424.000000 0.130960181 0.379887551 0.001185716 -0.680661082 0.218700230 -0.206211150 0.668092608
1756587247669896192.000000 0.159136400 0.420208901 0.002090120 -0.679378748 0.223123774 -0.211741090 0.666202664
1756587248170021888.000000 0.205093220 0.452974975 0.001465351 -0.655344963 0.281278938 -0.271861702 0.646139622
1756587248670146816.000000 0.244784474 0.482837498 0.001788473 -0.648559511 0.294506043 -0.286434352 0.640774667
1756587249203609344.000000 0.283905476 0.516752839 0.001965752 -0.649387717 0.293418854 -0.283601820 0.641693890
1756587249737072896.000000 0.324827880 0.551537275 0.001618420 -0.649597108 0.296136409 -0.283473104 0.640288949
1756587250237195776.000000 0.373612463 0.578048587 0.000395140 -0.633869588 0.329145104 -0.314672440 0.625183284
1756587250737318400.000000 0.412724853 0.606493711 0.000954939 -0.632665873 0.328648329 -0.315140873 0.626426697
1756587251270782720.000000 0.470908821 0.622693121 0.002037486 -0.598715425 0.387286305 -0.371456861 0.594616771
1756587251804238848.000000 0.522726595 0.641040564 0.002533875 -0.591169536 0.401861697 -0.383258760 0.584926069
1756587252304340992.000000 0.568957806 0.660075665 0.002087822 -0.591533959 0.401615441 -0.382250607 0.585386217
1756587252804447488.000000 0.613314927 0.679036260 0.002486130 -0.590427339 0.400467753 -0.384038568 0.586119056
1756587253304563200.000000 0.657935739 0.698705554 0.002631001 -0.591355562 0.399716377 -0.383475482 0.586064756
1756587253804680960.000000 0.701833248 0.718144298 0.003277091 -0.591029823 0.399194539 -0.384249300 0.586242199
1756587254304802048.000000 0.746471345 0.738192022 0.002661191 -0.590757132 0.398724258 -0.386779457 0.585172296
1756587254838261248.000000 0.794483542 0.759046078 0.002589613 -0.591511726 0.397983313 -0.385479271 0.585771978
1756587255338375168.000000 0.839303493 0.778241575 0.002866875 -0.592437565 0.398574203 -0.383828312 0.585518718
1756587255838496256.000000 0.885039687 0.797328770 0.003006028 -0.593296945 0.398284197 -0.381890148 0.586112976
1756587256371966976.000000 0.933038116 0.817843497 0.003537605 -0.593597472 0.399071395 -0.381105006 0.585784197
1756587256872094208.000000 0.983094215 0.829555154 0.003151421 -0.571389139 0.426921785 -0.411909133 0.567083061
1756587257372219392.000000 1.032477975 0.840192676 0.003524544 -0.562339664 0.437347203 -0.422055036 0.560688078
1756587257872342528.000000 1.081819892 0.855522633 0.002138881 -0.564522505 0.438185900 -0.420096487 0.559308887
1756587258372464128.000000 1.129807830 0.868482351 0.001973756 -0.565891743 0.439663529 -0.419376850 0.557301998
1756587258872588032.000000 1.175438643 0.880275011 0.002136668 -0.563539684 0.439417988 -0.420697927 0.558881164
1756587259406055424.000000 1.224717379 0.895975769 0.002061078 -0.564386725 0.438827187 -0.421121538 0.558171213
1756587259906174464.000000 1.270603180 0.908985972 0.003087439 -0.564364433 0.438125283 -0.420225471 0.559418917
1756587260406290176.000000 1.318466425 0.922900856 0.002606982 -0.564703226 0.439754218 -0.421243131 0.557028413
1756587260906407936.000000 1.365119219 0.937365770 0.002631377 -0.565870404 0.439097822 -0.419822216 0.557434320
1756587261406526208.000000 1.411735773 0.950514913 0.002966214 -0.566445708 0.440309644 -0.420022309 0.555741012
1756587261906640384.000000 1.457449675 0.963767529 0.002992839 -0.565516353 0.438832313 -0.419080079 0.558560073
1756587262406751232.000000 1.500634551 0.984918714 0.001774140 -0.583585143 0.416006893 -0.396182626 0.573939025
1756587262906872832.000000 1.547683835 0.998933852 0.002862401 -0.574120820 0.427333742 -0.408856452 0.566222250
1756587263407001344.000000 1.598481417 1.007910252 0.002475442 -0.558086753 0.445975780 -0.429062366 0.552766085
1756587263940467200.000000 1.650395155 1.021684289 0.002098758 -0.559918702 0.447263479 -0.429385006 0.549613416
1756587264407248640.000000 1.694437623 1.032064676 0.001557641 -0.560132265 0.446857899 -0.428293884 0.550576389
1756587264874025728.000000 1.741533637 1.044008374 0.000262290 -0.554569185 0.452109486 -0.433920681 0.547506094
1756587265340800000.000000 1.789232492 1.048676133 -0.001710514 -0.543518126 0.466600031 -0.447432429 0.535422087
1756587265840916480.000000 1.837915897 1.059205770 -0.002452053 -0.543867886 0.466612309 -0.447203845 0.535247087
1756587266274352384.000000 1.879436016 1.067200303 -0.003145190 -0.542484283 0.467023969 -0.448508263 0.535200775
1756587266707789312.000000 1.920552969 1.075405955 -0.003005007 -0.540653050 0.465874940 -0.450647384 0.536257088
1756587267141229568.000000 1.961596489 1.083064437 -0.002162859 -0.540428817 0.465329349 -0.450843155 0.536792040
1756587267541328896.000000 2.000592470 1.089713812 -0.002702126 -0.540832996 0.466012120 -0.450594932 0.536000669
1756587267908079872.000000 2.035333872 1.096175671 -0.003484817 -0.539033592 0.465324253 -0.452010840 0.537217319
1756587268308170752.000000 2.063248158 1.092290998 -0.004421486 -0.516820550 0.490970761 -0.475805730 0.515221536
1756587268708261376.000000 2.068082333 1.081109285 -0.002750611 0.483853132 -0.523385584 0.508242369 -0.483366728
1756587269075012864.000000 2.072346687 1.069833517 -0.001468003 0.450144619 -0.554501057 0.536324084 -0.449727505
1756587269575128064.000000 2.076244831 1.054395199 -0.000137420 0.403182656 -0.592352033 0.569861829 -0.402269185
1756587270108588544.000000 2.074856520 1.039434910 0.002590248 0.348170042 -0.625912666 0.603991687 -0.349578500
1756587270575366912.000000 2.074795008 1.027205586 0.003971543 0.298012108 -0.651297629 0.629863501 -0.300453395
1756587270975474432.000000 2.070986986 1.015118599 0.002701351 0.252989858 -0.669108987 0.649415970 -0.257969439
1756587271342239744.000000 2.064658165 1.004073501 0.000675013 0.211020395 -0.683985472 0.663271308 -0.218415931
1756587271709003520.000000 2.058778524 0.995516956 0.001448702 0.168642148 -0.695676684 0.675411165 -0.177238867
1756587272142447104.000000 2.047827244 0.987166882 0.001766460 0.117807455 -0.706017971 0.686590135 -0.127491996
1756587272542549504.000000 2.038768530 0.980080187 0.003955241 0.071272656 -0.712286949 0.693474889 -0.081609130
1756587273009335296.000000 2.025236607 0.973211050 0.004800953 0.015535602 -0.715608954 0.697817385 -0.026708882
1756587275743340032.000000 1.979913831 0.732578397 0.007478563 -0.068457745 -0.713258684 0.695303023 0.055940673
1756587278277304576.000000 1.940537214 0.492652178 0.007535834 -0.067370735 -0.712665141 0.696070373 0.055278137
1756587281211415552.000000 1.892849922 0.208268762 0.005269079 -0.068590567 -0.712658703 0.696076989 0.053757653
1756587283678696960.000000 1.850169063 0.003982089 0.004866013 -0.115846232 -0.705751479 0.691515446 0.101493791
1756587286646040576.000000 1.615673304 -0.093522958 0.005906723 -0.442011088 -0.561524510 0.555463016 0.425178975
1756587288813250816.000000 1.556045771 -0.041164666 0.004654841 -0.611076534 -0.371821523 0.371497184 0.591881812
1756587290680352512.000000 1.576581359 0.013114937 0.005538380 -0.696186602 -0.165895522 0.175549194 0.676006913
1756587292247391232.000000 1.618716955 0.044838183 0.010301423 -0.706897140 0.022930499 -0.007772460 0.706901908
1756587292747505152.000000 1.623406053 0.101407260 0.007236471 -0.716900826 0.028999612 -0.014515381 0.696420550
1756587293247607552.000000 1.638075352 0.150912613 0.006726553 -0.714921892 0.065595411 -0.049085774 0.694387972
1756587293781050624.000000 1.646347404 0.201001942 0.005605972 -0.714024365 0.064660557 -0.050122764 0.695324421
1756587294314496512.000000 1.654755712 0.251940250 0.004303711 -0.713707447 0.064432144 -0.048886091 0.695758939
1756587294814605312.000000 1.662575245 0.298493803 0.003408449 -0.712924480 0.064631842 -0.049889140 0.696471512
1756587295281379328.000000 1.669329286 0.343311727 0.002740892 -0.713654637 0.065063968 -0.050435442 0.695643604
1756587295781495296.000000 1.678388476 0.390533596 0.003009414 -0.713402808 0.064837478 -0.049800027 0.695968866
1756587296248273664.000000 1.693432331 0.436120540 0.002746028 -0.711270690 0.093336478 -0.079066768 0.692192733
1756587296781732864.000000 1.701404691 0.484437108 0.001982736 -0.712582529 0.072347291 -0.057129946 0.695505679
1756587297315190272.000000 1.707329154 0.533295572 0.002492702 -0.713287234 0.059506111 -0.043744273 0.696969807
1756587297748623616.000000 1.712937236 0.575695872 0.002321671 -0.714038968 0.058073636 -0.043694112 0.696323693
1756587298148713472.000000 1.714082360 0.612791121 0.002291130 -0.714685142 0.043065194 -0.028725155 0.697528064
1756587298582144768.000000 1.719326973 0.655670106 0.002433345 -0.713947415 0.046081960 -0.031522818 0.697969913
1756587299015579392.000000 1.723843813 0.698974133 0.001439436 -0.714330733 0.046331357 -0.031290032 0.697571456
1756587299382332672.000000 1.728202581 0.736495376 0.001416216 -0.715635121 0.047134496 -0.031327710 0.696177721
1756587299815764480.000000 1.732436776 0.778688252 0.001126639 -0.714629114 0.047530133 -0.031238584 0.697187483
1756587300215852032.000000 1.729747534 0.814298987 0.001510243 -0.714284599 0.021635005 -0.003954439 0.699509799
1756587303183225344.000000 1.624593496 0.853491485 -0.000275617 -0.639029384 -0.322224110 0.325583756 0.617906392
1756587305218546944.000000 1.600772738 0.814185619 -0.000300520 -0.500597000 -0.510388970 0.507444084 0.481047124
1756587305619730176.000000 1.607574463 0.805544794 0.000303276 -0.464860767 -0.542665184 0.539739668 0.445084482
1756587307553026560.000000 1.655407548 0.782105267 0.002690481 -0.268445522 -0.662802577 0.651953161 0.252164215
1756587308019714048.000000 1.669779539 0.779363990 0.002975842 -0.214097098 -0.682631135 0.669823050 0.198781952
1756587310719635456.000000 1.658094287 0.569162309 0.004793851 -0.074303143 -0.713453770 0.693966925 0.062230479
1756587312786222848.000000 1.619940877 0.373127818 0.004950773 -0.075747639 -0.710271895 0.696886301 0.064231135
1756587315386189824.000000 1.571812272 0.121963337 0.005132191 -0.077755205 -0.709381759 0.697433531 0.065712355
1756587317686090240.000000 1.529594660 -0.100974545 0.005543463 -0.080252819 -0.709073782 0.697226703 0.068182170
1756587319852718080.000000 1.463700891 -0.106639951 0.007935987 -0.314563274 -0.638684571 0.634463251 0.300979197
1756587322821170432.000000 1.327634454 -0.079282574 0.006629702 -0.586192131 -0.411428154 0.411990851 0.563355327
1756587325421810432.000000 1.341359496 0.034974851 0.005842797 -0.704180181 -0.123877130 0.134023771 0.686164975
1756587327989111296.000000 1.318262458 0.294111609 0.007052355 -0.714100838 -0.024327930 0.038556460 0.698556721
1756587330556463616.000000 1.300721765 0.548447073 0.005241982 -0.716133535 -0.018519631 0.035002775 0.696839035
1756587332123533056.000000 1.289471626 0.702327013 0.003564586 -0.715363264 -0.019620087 0.033475030 0.697674692
1756587332657014272.000000 1.285541892 0.755781174 0.002637340 -0.716083169 -0.020592079 0.034303192 0.696867466
1756587333190469888.000000 1.282214046 0.807784259 0.002198917 -0.714614749 -0.019827813 0.033075809 0.698454499
1756587333690583296.000000 1.277800441 0.856496394 0.002219540 -0.713814914 -0.020394970 0.034990340 0.699162364
1756587334724178432.000000 1.254897237 0.847157240 0.001561312 -0.702401102 -0.127322435 0.138870656 0.686393917
1756587337324789760.000000 1.227551460 0.768058419 0.005097426 -0.573937893 -0.410213619 0.423145056 0.568567038
1756587338858486784.000000 1.186138749 0.741514325 0.002157178 -0.459146440 -0.548056304 0.544131398 0.439021587
1756587341425701376.000000 1.246399283 0.718802810 0.003470130 -0.187481880 -0.689437985 0.678318381 0.171493217
1756587344059593472.000000 1.255084157 0.526410818 0.002437942 -0.037129428 -0.711165667 0.701662481 0.023124386
1756587346660194816.000000 1.238201380 0.273097008 0.003567457 -0.036731120 -0.715694726 0.696912825 0.027284792
1756587349227472896.000000 1.208070874 0.029915549 0.005645363 -0.052108213 -0.712216616 0.698853672 0.040446520
1756587351294648576.000000 1.126442909 -0.075304970 0.005428580 -0.243859529 -0.670657992 0.662060499 0.228967935
1756587353861943808.000000 0.958485007 -0.050581772 0.004774569 -0.503233850 -0.506263912 0.506772220 0.483357549
1756587354362072576.000000 0.904718816 -0.032686658 0.005060469 -0.544633567 -0.464581102 0.463797688 0.521948695
1756587356896049664.000000 0.832203805 0.065217599 0.002974642 -0.687283814 -0.205080166 0.209227636 0.664685547
1756587358496488960.000000 0.840939999 0.215166539 0.006238673 -0.715033531 -0.019139078 0.029655060 0.698198736
1756587359029962240.000000 0.840902507 0.269918501 0.005584988 -0.716101527 -0.008800248 0.022373648 0.697582006
1756587359563431936.000000 0.838334560 0.322709680 0.005052186 -0.716687918 -0.010946646 0.023123555 0.696924627
1756587360063563264.000000 0.846100986 0.374749273 0.004359464 -0.715790689 0.016975889 -0.002943303 0.698102355
1756587360563696384.000000 0.846077204 0.424445689 0.003921497 -0.716415286 0.012777972 -0.000043681 0.697557151
1756587360630380800.000000 0.846206248 0.430063963 0.004301173 -0.715902805 0.012365757 0.000054511 0.698090434
1756587360697063424.000000 0.846383691 0.436149448 0.004128512 -0.715373576 0.012386688 0.000360290 0.698632360
1756587361197174272.000000 0.847222567 0.484584063 0.003487895 -0.714594245 0.012114435 -0.001373666 0.699433029
1756587361697284352.000000 0.848276794 0.534539878 0.002163096 -0.714982331 0.011786770 -0.002573123 0.699038446
1756587362197414912.000000 0.849040627 0.583874226 0.002165289 -0.715122759 0.011908521 -0.001212995 0.698896468
1756587362730886656.000000 0.851061463 0.636351228 0.003149027 -0.715683520 0.012223252 -0.000186690 0.698317766
1756587363231007744.000000 0.844227672 0.646367908 0.002162629 -0.713855326 -0.022172641 0.033636346 0.699133456
1756587363731128576.000000 0.829352558 0.636466205 0.001358860 -0.708777308 -0.082848981 0.091945857 0.694490314
1756587364764710656.000000 0.774508059 0.669726014 0.002865147 -0.682268023 -0.210546270 0.217400640 0.665520608
1756587365264843776.000000 0.737638414 0.692036927 0.002981867 -0.662797034 -0.267278790 0.270789087 0.644930601
1756587365798313728.000000 0.719345093 0.688728154 0.001697872 -0.639796734 -0.322924644 0.321720719 0.618769467
1756587367832081152.000000 0.729710221 0.634068608 0.000374358 -0.494419545 -0.518048823 0.512607276 0.473717839
1756587370399306496.000000 0.783255577 0.596622884 0.004368699 -0.234061256 -0.676003098 0.665159523 0.214004785
1756587372933250304.000000 0.779293954 0.419117391 0.002283964 -0.080521621 -0.710630476 0.696004927 0.064013697
1756587373433385984.000000 0.778088033 0.375140190 0.002365416 -0.055970374 -0.709932685 0.700850844 0.040879849
1756587373966868224.000000 0.771246910 0.325356513 0.002787584 -0.055917956 -0.708888710 0.701997399 0.039365605
1756587374467011584.000000 0.764898539 0.278399140 0.004043810 -0.056064978 -0.708999574 0.701869905 0.039434042
1756587375000487680.000000 0.758743107 0.226731420 0.003282679 -0.056572352 -0.709896147 0.700857043 0.040576886
1756587375533956096.000000 0.751158595 0.175957337 0.003397625 -0.056613516 -0.710726857 0.700038314 0.040107291
1756587376034081536.000000 0.745585620 0.126825318 0.003511185 -0.057313245 -0.713223934 0.697478831 0.039372694
1756587376534206976.000000 0.740697622 0.079844400 0.003732421 -0.056249302 -0.713385105 0.697303593 0.041054208
1756587377067663360.000000 0.734497249 0.029857820 0.004078371 -0.054610517 -0.713539660 0.697347879 0.039809018
1756587377601115136.000000 0.728733659 -0.019956948 0.004888741 -0.056463506 -0.712455571 0.698233068 0.041105632
1756587378067883008.000000 0.723930299 -0.062730514 0.006697468 -0.056749225 -0.711061954 0.699563265 0.042210247
1756587378534649856.000000 0.717889667 -0.106665462 0.005998686 -0.056509517 -0.710843027 0.699884295 0.040877767
1756587379034771456.000000 0.710864365 -0.153742239 0.005839355 -0.058362342 -0.710210383 0.700374603 0.040873051
1756587379434875136.000000 0.702609479 -0.167663425 0.006886486 -0.087620705 -0.705846846 0.699502945 0.069271892
1756587379935636224.000000 0.688577831 -0.174436718 0.007158507 -0.147952497 -0.698720872 0.687956512 0.128899738
1756587380437039104.000000 0.672832847 -0.175686389 0.006055150 -0.207183436 -0.684276104 0.673337817 0.188301876
1756587382639830784.000000 0.559922934 -0.162766531 0.004841872 -0.444660306 -0.560491383 0.555761397 0.423386276
1756587385372660992.000000 0.461535096 -0.085251734 -0.001428507 -0.641727746 -0.314948142 0.319902480 0.621816397
1756587386405723392.000000 0.429206282 0.001752314 0.002130957 -0.689943969 -0.194159165 0.201088384 0.667714834
1756587389238365696.000000 0.358253807 0.280326307 0.002155326 -0.708841622 -0.090967767 0.101505980 0.692072988
1756587391937757184.000000 0.287396014 0.533468306 0.002873822 -0.710708082 -0.094309986 0.101927355 0.689645231
1756587392504297216.000000 0.272233367 0.586892247 0.002021100 -0.711023211 -0.094587319 0.101552121 0.689337611
1756587393037506560.000000 0.257666618 0.636880219 0.002137066 -0.711831689 -0.096088178 0.101717919 0.688270450
1756587393604025856.000000 0.242711887 0.691288590 0.001252846 -0.713223457 -0.095241077 0.101434477 0.686987996
1756587394170556672.000000 0.230229557 0.700118601 0.000566210 -0.707372427 -0.135297209 0.139736623 0.679553270
1756587394703740928.000000 0.219673216 0.685054719 0.001291071 -0.692327917 -0.198415443 0.200845838 0.664059043
1756587395236946688.000000 0.212330595 0.669790864 0.000083965 -0.668305218 -0.260201305 0.261249453 0.646074474
1756587395770188544.000000 0.169124126 0.684816420 0.000335631 -0.641434669 -0.321270972 0.322200805 0.617683709
1756587396270782976.000000 0.126332760 0.692759395 -0.000425251 -0.613784254 -0.372412652 0.371209592 0.588881314
1756587396771405056.000000 0.082637548 0.694191575 -0.000921314 -0.579800785 -0.423144847 0.420768559 0.554737210
1756587397304736256.000000 0.035922505 0.689610660 -0.001960744 -0.539360166 -0.473941952 0.469651610 0.513709128
1756587397838193664.000000 -0.008675784 0.676634610 -0.002425423 -0.494784951 -0.520182252 0.513350189 0.470180839
1756587398338851328.000000 -0.045509346 0.656197488 -0.002579081 -0.448820025 -0.558799148 0.552457571 0.425552368
1756587398839452672.000000 -0.082968213 0.630103171 -0.002992984 -0.413707346 -0.585681856 0.576702893 0.391454697
1756587399372907520.000000 -0.130637258 0.613091052 -0.002647003 -0.413660675 -0.583605886 0.577087879 0.394028783
1756587399873021952.000000 -0.175889745 0.596561134 -0.002683177 -0.412985831 -0.583446443 0.578223050 0.393307924
1756587400406479104.000000 -0.224093854 0.576387763 -0.003399053 -0.413281411 -0.583949089 0.576423824 0.394889176
1756587400939929600.000000 -0.269220412 0.553827643 -0.003902131 -0.402836055 -0.589095414 0.584161162 0.386581868
1756587401440027392.000000 -0.310262114 0.532985806 -0.002554812 -0.388033837 -0.598502398 0.593993485 0.372016668
1756587401940624128.000000 -0.345509022 0.502264500 -0.003474913 -0.361589760 -0.614238799 0.609169185 0.347672999
1756587402475460608.000000 -0.376430601 0.465185821 -0.003914588 -0.312080890 -0.642283499 0.633532524 0.297848910
1756587403009581312.000000 -0.411529809 0.429949701 -0.003089186 -0.298044652 -0.647709846 0.641085625 0.283990592
1756587403542898944.000000 -0.449228942 0.393439412 -0.002519379 -0.286572695 -0.655679226 0.644012570 0.270570993
1756587404042888704.000000 -0.464415789 0.353613824 -0.002855247 -0.232815459 -0.675548792 0.664294243 0.219417676
1756587404576208128.000000 -0.497436613 0.313056350 -0.002653040 -0.236721441 -0.675857842 0.661673009 0.222189292
1756587405042880768.000000 -0.516453505 0.276723564 -0.002186625 -0.210251480 -0.683767498 0.670715153 0.195952803
1756587405409557504.000000 -0.523332655 0.246332660 -0.002921874 -0.169987053 -0.693851888 0.682528973 0.154363722
1756587405742894080.000000 -0.524551690 0.217218876 -0.003030434 -0.131079048 -0.702163637 0.689910412 0.117508367
1756587406142906368.000000 -0.521504164 0.181867391 -0.005224183 -0.085314505 -0.707500100 0.697801828 0.072372526
1756587406509577984.000000 -0.514898300 0.150985986 -0.004249152 -0.042759057 -0.711237788 0.700942338 0.031500492
1756587406876248576.000000 -0.506773472 0.120627314 -0.005995901 0.000227198 -0.711963713 0.702153802 -0.009367310
1756587407276253696.000000 -0.492318511 0.088102683 -0.004075263 0.047542099 -0.712269187 0.698178113 -0.054403115
1756587407609584384.000000 -0.475471139 0.064005896 -0.002490154 0.085829608 -0.709046602 0.693942845 -0.091266431
1756587407942925056.000000 -0.459015816 0.040728375 -0.003486531 0.124700636 -0.703699827 0.687388241 -0.129436389
1756587408209603840.000000 -0.444123149 0.024650669 -0.002643656 0.154206544 -0.697792649 0.681108952 -0.159362629
1756587408409608960.000000 -0.431110412 0.012989232 -0.003385266 0.176018164 -0.692053318 0.676282823 -0.180890605
1756587408576279808.000000 -0.418654799 0.002837682 -0.003924102 0.194816276 -0.688246727 0.670124769 -0.198232129
1756587408709615360.000000 -0.409873456 -0.003273713 -0.003731681 0.209321797 -0.683310807 0.666455269 -0.212387010
1756587408876285440.000000 -0.397725821 -0.010658862 -0.003404539 0.226964504 -0.676786482 0.661468089 -0.230015472
1756587409009621504.000000 -0.385939091 -0.018782448 -0.004455483 0.242816180 -0.674001098 0.653832912 -0.243444860
1756587409109622784.000000 -0.378022254 -0.022517536 -0.004910387 0.253356218 -0.669151008 0.650569260 -0.254572481
1756587409342956032.000000 -0.357970774 -0.031712499 -0.005180217 0.278445750 -0.659626842 0.640415370 -0.277900338
1756587409642952960.000000 -0.333895236 -0.040309250 -0.004541554 0.310985565 -0.643820226 0.626166940 -0.310963750
1756587409876286208.000000 -0.314726561 -0.045531996 -0.004093543 0.333690196 -0.631524324 0.614887416 -0.334277511
1756587410109623040.000000 -0.293475002 -0.049388453 -0.004151577 0.358350337 -0.617658794 0.601236463 -0.358604759
1756587410342955776.000000 -0.271904767 -0.051912375 -0.004243108 0.381346822 -0.604060590 0.587522447 -0.380135238
1756587410576286464.000000 -0.250447154 -0.058338135 -0.004303720 0.387223065 -0.600537837 0.583502531 -0.385924011
1756587410842950400.000000 -0.226618767 -0.068321697 -0.003986495 0.386292875 -0.599823475 0.584546983 -0.386386484
1756587411376284416.000000 -0.176409483 -0.089614250 -0.004693696 0.386693597 -0.600617468 0.583645523 -0.386114895
1756587411576279552.000000 -0.158967867 -0.095496491 -0.003954144 0.392817557 -0.595652938 0.579862356 -0.393257707
1756587411842941440.000000 -0.132434800 -0.100017369 -0.004379073 0.406436503 -0.588642478 0.570299983 -0.403816074
1756587412209602560.000000 -0.097961016 -0.113035716 -0.004429040 0.405061245 -0.589783192 0.570481896 -0.403276116
1756587412642918144.000000 -0.056740344 -0.126514405 -0.004218558 0.404668450 -0.589236557 0.571615160 -0.402864635
1756587413109572608.000000 -0.013288677 -0.141053736 -0.003939436 0.404993325 -0.587844849 0.572067797 -0.403927445
1756587413676212224.000000 0.041102856 -0.160669848 -0.003752084 0.406046808 -0.587641478 0.570178926 -0.405831903
1756587414242844416.000000 0.079035744 -0.173889697 -0.004786756 0.407881796 -0.590029538 0.567633927 -0.404090732
1756587414776130048.000000 0.094442636 -0.178991690 -0.004050612 0.405897915 -0.585831225 0.569657803 -0.409314960
1756587415309456640.000000 0.093956232 -0.169474453 -0.004977081 0.432010174 -0.567223907 0.551680684 -0.432749987
1756587415642776064.000000 0.091896035 -0.158815309 -0.005403878 0.463155836 -0.543043971 0.526660442 -0.461756229
1756587416042772992.000000 0.089459427 -0.144417167 -0.007638462 0.500196457 -0.509055734 0.495065540 -0.495556235
1756587416276104960.000000 0.086376265 -0.138093695 -0.008347485 -0.519005954 0.489834636 -0.475845605 0.514068007
1756587416442767872.000000 0.085865304 -0.132743418 -0.008725321 -0.532602310 0.476145089 -0.460937411 0.526457369
1756587416676094208.000000 0.079334453 -0.126971573 -0.008036424 -0.550559759 0.454429537 -0.439592570 0.545101941
1756587416942753536.000000 0.075458735 -0.120718889 -0.010388905 -0.570315897 0.427293897 -0.414868355 0.565724313
1756587417209410816.000000 0.068562724 -0.114064939 -0.009449126 -0.588790238 0.402829677 -0.389813572 0.582322657
1756587417476062464.000000 -0.012692493 -0.101270556 0.020408770 -0.610207319 0.372909844 -0.363510638 0.597030401
1756587417642717952.000000 -0.011236882 -0.090692654 0.013198791 -0.620595515 0.356213391 -0.344516695 0.607685387
1756587417809455360.000000 -0.010585303 -0.086233288 0.012760369 -0.629905641 0.337741882 -0.327000380 0.618239462
1756587417942967296.000000 -0.010416842 -0.082747951 0.012313129 -0.638358831 0.323441595 -0.312263697 0.624799907
1756587418076487680.000000 -0.010979951 -0.078910910 0.011897288 -0.645257950 0.309158862 -0.298013210 0.631863296
1756587418210014720.000000 -0.010086209 -0.073903307 0.010695572 -0.652183890 0.294451267 -0.283696085 0.638334751
1756587418310166528.000000 -0.010562637 -0.073219471 0.010029679 -0.656968057 0.283745319 -0.272669464 0.643065274
1756587418443708672.000000 -0.009756571 -0.070617326 0.007295161 -0.663309634 0.269439459 -0.256944180 0.649155140
1756587418577257984.000000 -0.011036331 -0.071086384 0.007384344 -0.668639064 0.254742950 -0.242259189 0.655239165
1756587418644036096.000000 -0.010922221 -0.071329467 0.007286587 -0.671953321 0.246777564 -0.233543903 0.658055365
1756587418744213760.000000 -0.012156793 -0.070369631 0.006740892 -0.676831007 0.234928831 -0.221014038 0.661710799
1756587418810894592.000000 -0.012516358 -0.070359111 0.005954232 -0.679283977 0.226580381 -0.212428600 0.664912522
1756587418877575168.000000 -0.014502835 -0.070603877 0.006011763 -0.681708276 0.218492031 -0.204564720 0.667598963
1756587418977596160.000000 -0.016534630 -0.070749126 0.005880225 -0.685911953 0.207079530 -0.192742467 0.670442581
1756587419177636352.000000 -0.022571698 -0.070812926 0.005809786 -0.691806376 0.184317023 -0.170324773 0.677067757
1756587419244316928.000000 -0.023670990 -0.070824817 0.004994187 -0.693891466 0.176634356 -0.162320688 0.678945541
1756587419477697280.000000 -0.030421941 -0.070317142 0.004615637 -0.699902415 0.149698690 -0.136050180 0.684994459
1756587419611057408.000000 -0.034728315 -0.070131928 0.004406677 -0.703341901 0.133206084 -0.120341614 0.687811255
1756587419677737984.000000 -0.036553305 -0.069921672 0.004231304 -0.705155969 0.125341713 -0.112666965 0.688731313
1756587419844443136.000000 -0.041095231 -0.071050242 0.004297783 -0.707450330 0.108996525 -0.096551098 0.691600800
1756587420377908992.000000 -0.039476894 -0.071247339 0.004282903 -0.704107344 0.109353408 -0.096656501 0.694933236
1756587420611300864.000000 -0.033045758 -0.043847561 0.003163230 -0.710425258 0.107652180 -0.095068708 0.688962281
1756587420711326464.000000 -0.031470358 -0.036196772 0.003726313 -0.707414448 0.104837991 -0.092175536 0.692876339
1756587421244776192.000000 -0.022523513 -0.004039938 0.003449403 -0.706925631 0.107841380 -0.097826697 0.692138910
1756587422545090048.000000 -0.009059343 -0.000927892 0.006961894 -0.691570699 0.147579387 -0.138222426 0.693429828
1756587423078554880.000000 -0.000181665 0.018065149 0.003760640 -0.701128185 0.154972687 -0.143155918 0.681108832
1756587423612018944.000000 0.004360445 0.017754940 0.004180025 -0.695071280 0.174127623 -0.162519753 0.678338349
1756587424145474560.000000 0.017556766 0.016316876 0.004751842 -0.681425691 0.219429940 -0.205789164 0.667203426
1756587424645586176.000000 0.004819899 0.017345740 0.003970925 -0.694822490 0.174831331 -0.163157880 0.678258955
1756587425179047936.000000 -0.011310740 0.016503472 0.004086051 -0.708215296 0.113128386 -0.102553800 0.689286411
1756587425679171072.000000 -0.026493132 0.013138529 0.002560373 -0.714753985 0.054204226 -0.044323284 0.695862174
1756587426212640256.000000 -0.027917361 0.013849761 0.001816630 -0.715298474 0.051036581 -0.041611984 0.695709646
1756587426746112512.000000 -0.029951256 0.012452817 0.002506394 -0.715934336 0.041218270 -0.031944096 0.696217477
1756587427279592192.000000 -0.029823437 0.012683099 0.002265394 -0.715836465 0.041397322 -0.031932246 0.696307957
1756587427813072896.000000 -0.032295793 0.011705033 0.001362251 -0.715644658 0.033044029 -0.023750270 0.697278082
1756587428313204480.000000 -0.032075051 0.011650164 0.001689258 -0.715863109 0.032953277 -0.023593426 0.697063565
1756587428846673920.000000 -0.032343592 0.011987755 0.001993179 -0.715966940 0.033170275 -0.023710126 0.696942568
1756587429413465856.000000 -0.032507986 0.011866687 0.001920978 -0.715936005 0.033258189 -0.023761597 0.696968377
1756587429913579008.000000 -0.033023506 0.012177637 0.002023633 -0.716006100 0.033291850 -0.024118010 0.696882546
1756587430447042048.000000 -0.032742359 0.012231350 0.001305125 -0.715673566 0.033411223 -0.023942068 0.697224379
