1762536981551808512.000000 0.020021677 0.029681806 -0.012243326 -0.687190354 0.012454600 0.002067476 0.726367772
1762536981818393600.000000 0.018943278 0.073355883 -0.013353025 -0.693644702 0.011900859 0.001447794 0.720217586
1762536982084987392.000000 0.017910223 0.107508168 -0.013129966 -0.692350805 0.010834964 0.001254828 0.721478641
1762536982351579904.000000 0.015496131 0.145724729 -0.013117293 -0.691307783 0.008867310 0.002911676 0.722500205
1762536982618162432.000000 0.013352284 0.186738387 -0.013772754 -0.693347812 0.009023055 0.001607368 0.720544875
1762536982884737024.000000 0.012795368 0.223724604 -0.013313390 -0.692139745 0.008746139 0.003026745 0.721704304
1762536983151334912.000000 0.012249507 0.261508077 -0.013926790 -0.692729115 0.008798624 0.003248443 0.721136868
1762536983417925632.000000 0.011093317 0.299552590 -0.013787778 -0.692823291 0.009771531 0.003991669 0.721030176
1762536983684508672.000000 0.010206536 0.339284241 -0.013959338 -0.694347143 0.009592383 0.004289742 0.719563603
1762536984317666048.000000 0.007933032 0.429388106 -0.014901725 -0.693080962 0.009799204 0.005744256 0.720770299
1762536984417638912.000000 0.007677534 0.442261577 -0.014619510 -0.690442383 0.009418678 0.007518130 0.723287106
1762536984717549568.000000 0.005329986 0.482911974 -0.014759202 -0.689248562 0.009338273 0.006070621 0.724439383
1762536985050998784.000000 0.004468282 0.528059065 -0.013670480 -0.688372076 0.009311639 0.006149284 0.725271940
1762536985451578880.000000 0.002106699 0.585500717 -0.013120806 -0.687934220 0.009044643 0.006547209 0.725687206
1762536985885574912.000000 -0.001159295 0.651009083 -0.013890116 -0.690400302 0.008791713 0.003161806 0.723367274
1762536986285502208.000000 -0.004908665 0.712092459 -0.015315118 -0.694013059 0.006948817 0.002431510 0.719924808
1762536986718633216.000000 -0.009150479 0.775185466 -0.016181331 -0.695055306 0.004973917 0.002378451 0.718935251
1762536987484963584.000000 -0.029941181 0.880285084 -0.016438829 -0.692475498 -0.046087556 0.056440603 0.717752099
1762536987651553024.000000 -0.039431434 0.901296079 -0.016434483 -0.689967811 -0.065386936 0.076018520 0.716861308
1762536988384549376.000000 -0.092802562 0.988227785 -0.016390420 -0.676344097 -0.147719547 0.165814444 0.702312768
1762536989184507392.000000 -0.161652148 1.085024714 -0.017801948 -0.671513259 -0.176282987 0.193357036 0.693258464
1762536989484820480.000000 -0.185956568 1.120474219 -0.018154940 -0.669832528 -0.179295927 0.196600422 0.693199635
1762536991685021440.000000 -0.455136925 1.241658568 -0.018800646 -0.557784021 -0.409386516 0.434940755 0.576286554
1762536994519468288.000000 -0.848009109 1.229701757 -0.018462235 0.423692405 0.543329537 -0.579414964 -0.435380340
1762536995219512576.000000 -0.929923594 1.180217028 -0.019326996 0.355626613 0.589464307 -0.626992464 -0.364612073
1762536997352992000.000000 -1.124846935 0.954404056 -0.019571528 0.199589550 0.661347568 -0.694512367 -0.201087028
1762537000186522624.000000 -1.223576188 0.563312829 -0.016627634 0.071396887 0.686576962 -0.720823586 -0.062674053
1762537001921037056.000000 -1.220547795 0.313112140 -0.017544288 -0.005818505 0.691543758 -0.722177982 0.013870475
1762537002121100544.000000 -1.217289329 0.283686489 -0.017617065 -0.006393773 0.690442324 -0.723234534 0.013429902
1762537002354493952.000000 -1.214742661 0.252120942 -0.016864734 -0.007746701 0.686305523 -0.727091610 0.016204569
1762537002554544640.000000 -1.210199356 0.223353267 -0.016981466 -0.020001387 0.686895192 -0.725890815 0.029284339
1762537002721254656.000000 -1.203274608 0.203076065 -0.016547546 -0.039634820 0.684212089 -0.726441383 0.050654724
1762537002921305600.000000 -1.192641735 0.176797271 -0.016408555 -0.062318936 0.682787120 -0.724195302 0.073886670
1762537003121362688.000000 -1.180368781 0.152263299 -0.016008129 -0.086114310 0.679564536 -0.721897006 0.098189414
1762537003321420544.000000 -1.166777611 0.126678139 -0.016142851 -0.108186372 0.677334309 -0.717552602 0.120964184
1762537003521477888.000000 -1.152599812 0.103608936 -0.015833911 -0.130160928 0.671786487 -0.714406788 0.146233112
1762537004021619712.000000 -1.119981050 0.033759445 -0.015013881 -0.131188378 0.674160957 -0.711544871 0.148325488
1762537004521739264.000000 -1.087393403 -0.038135674 -0.014914282 -0.129947647 0.677889943 -0.708962202 0.144746274
1762537004788468992.000000 -1.069135070 -0.076485433 -0.015666598 -0.129655674 0.680012047 -0.707165301 0.143841520
1762537005055453184.000000 -1.047276378 -0.107349843 -0.015502751 -0.154316396 0.674243152 -0.702071369 0.169347033
1762537005222572288.000000 -1.032211900 -0.124527492 -0.015225638 -0.173709050 0.668722510 -0.697929978 0.188491851
1762537005389704960.000000 -1.014754891 -0.144411609 -0.016274244 -0.190384194 0.666035175 -0.691574454 0.204635829
1762537005590279936.000000 -0.999131441 -0.168991134 -0.016487401 -0.184914589 0.666584194 -0.694159269 0.199035466
1762537005924614400.000000 -0.970860660 -0.210716084 -0.015420469 -0.185191080 0.667277753 -0.693628609 0.198302954
1762537006424698112.000000 -0.930203617 -0.272255182 -0.014937701 -0.183808520 0.665781736 -0.695549130 0.197890177
1762537006791352064.000000 -0.899507403 -0.318067431 -0.015140265 -0.187098727 0.665032983 -0.694107771 0.202335328
1762537006958002432.000000 -0.881988168 -0.335041523 -0.015359310 -0.208772093 0.659216642 -0.686605096 0.224546418
1762537007125063168.000000 -0.864910305 -0.348886549 -0.014750503 -0.226881608 0.652353883 -0.681262672 0.242570385
1762537007325550336.000000 -0.842849314 -0.367300987 -0.014774991 -0.241085932 0.647373199 -0.675951958 0.256660312
1762537007693148928.000000 -0.804121196 -0.408862591 -0.015073190 -0.239669234 0.649434328 -0.674945116 0.255426586
1762537008160489216.000000 -0.755779803 -0.459126830 -0.014759300 -0.237873003 0.649666250 -0.675940692 0.253878683
1762537008560369920.000000 -0.716537178 -0.502290666 -0.014242275 -0.237379164 0.648086250 -0.677853644 0.253278136
1762537008926908928.000000 -0.679039598 -0.542159259 -0.014483323 -0.236693233 0.648804665 -0.678006887 0.251665562
1762537009193509888.000000 -0.651701987 -0.571245492 -0.014263909 -0.236959428 0.648245633 -0.677723706 0.253610998
1762537009460109312.000000 -0.624053597 -0.600184917 -0.013729766 -0.236391172 0.648867607 -0.677425086 0.253348112
1762537009693375488.000000 -0.596242964 -0.624794900 -0.014698980 -0.251539975 0.645562410 -0.669128358 0.268782526
1762537009859991040.000000 -0.579046905 -0.633353651 -0.014129516 -0.270478159 0.633264184 -0.663847685 0.291760772
1762537010026609152.000000 -0.555907071 -0.646166325 -0.014748760 -0.289779186 0.628639221 -0.652498126 0.308362007
1762537010193236224.000000 -0.536990225 -0.655071139 -0.014440443 -0.305055916 0.617850482 -0.645345986 0.329742908
1762537010359859968.000000 -0.514342248 -0.664426208 -0.014862295 -0.322340459 0.610360384 -0.635062516 0.346774548
1762537010526479104.000000 -0.490183860 -0.672792435 -0.015579460 -0.340755224 0.602145970 -0.624023736 0.363181025
1762537010693095680.000000 -0.469983757 -0.677821279 -0.015095504 -0.356198907 0.590191603 -0.615251482 0.382442057
1762537010926352384.000000 -0.437054127 -0.690581918 -0.015522582 -0.360520780 0.589099884 -0.612278998 0.384838492
1762537011192946176.000000 -0.400459737 -0.706206441 -0.015656801 -0.362323880 0.589888453 -0.610955179 0.384040117
1762537011392886784.000000 -0.374136120 -0.716431201 -0.015532238 -0.364433140 0.586714387 -0.610502481 0.387609959
1762537011592823296.000000 -0.346160591 -0.721550524 -0.015719503 -0.385305971 0.574038327 -0.596162975 0.408177733
1762537011759432960.000000 -0.323872268 -0.724584699 -0.015788615 -0.400738657 0.563470364 -0.584361136 0.424772590
1762537011926038016.000000 -0.299978524 -0.725994229 -0.015928188 -0.416322142 0.552379370 -0.572835982 0.439786047
1762537012159310336.000000 -0.266420722 -0.733206153 -0.016062208 -0.417974800 0.551133037 -0.570302606 0.443062693
1762537012392580352.000000 -0.232816592 -0.740522802 -0.016066780 -0.418032825 0.551601410 -0.569955826 0.442871153
1762537012692489472.000000 -0.190018520 -0.750731230 -0.015925080 -0.418168932 0.553183377 -0.568750381 0.442318857
1762537012959066624.000000 -0.151236743 -0.759725392 -0.016256427 -0.418315798 0.554262817 -0.568044364 0.441735566
1762537013192340224.000000 -0.117347039 -0.767477214 -0.016075855 -0.419650733 0.555868447 -0.566884637 0.439937890
1762537013392283904.000000 -0.089528590 -0.774612784 -0.015999550 -0.418738604 0.556006253 -0.567570508 0.439748615
1762537013625544448.000000 -0.056486808 -0.781382084 -0.016736394 -0.419820279 0.554616988 -0.568386972 0.439416975
1762537013858799104.000000 -0.024477281 -0.788315833 -0.017179331 -0.419083983 0.553267837 -0.569642127 0.440194517
1762537014225359104.000000 0.026789123 -0.799896359 -0.016793303 -0.418876231 0.553399444 -0.570048630 0.439700395
1762537014425300992.000000 0.056268223 -0.806137502 -0.017218675 -0.419341892 0.553529263 -0.568974435 0.440483689
1762537014658558720.000000 0.087657511 -0.806848288 -0.017412532 -0.438453317 0.537377775 -0.553421259 0.461203694
1762537014858489600.000000 0.114813238 -0.804872394 -0.017735844 -0.456259310 0.522082567 -0.537404180 0.480056256
1762537015058433280.000000 0.142901123 -0.803224027 -0.018133705 -0.464014083 0.514412701 -0.531016529 0.487946689
1762537015458345472.000000 0.201342598 -0.806335926 -0.018199569 -0.463229448 0.516440690 -0.531709671 0.485790491
1762537015791592960.000000 0.250709027 -0.809442937 -0.018874384 -0.464414001 0.517746747 -0.530472279 0.484620601
1762537016091515136.000000 0.294893086 -0.810415387 -0.019198539 -0.463514626 0.518156350 -0.531398118 0.484029174
1762537016291466496.000000 0.323663741 -0.807956994 -0.020011494 -0.477246135 0.507139623 -0.517082334 0.497665972
1762537016491414272.000000 0.348954111 -0.801826417 -0.020493256 -0.493800044 0.490414888 -0.499337703 0.516058683
1762537016724679424.000000 0.379807234 -0.792384386 -0.021416955 -0.512605369 0.468919694 -0.478199720 0.537284970
1762537017057921280.000000 0.427366048 -0.784234703 -0.022211144 -0.514332950 0.468292743 -0.476513624 0.537678659
1762537017357858304.000000 0.469251961 -0.776589096 -0.022648335 -0.516250372 0.466721773 -0.473805338 0.539596975
1762537017691110144.000000 0.515186846 -0.767781854 -0.022799442 -0.518167198 0.463868767 -0.471154988 0.542532504
1762537017957703168.000000 0.547220230 -0.752674103 -0.023237968 -0.539283693 0.437500358 -0.443119794 0.566931665
1762537018390921216.000000 0.601078391 -0.728245318 -0.024308791 -0.553365231 0.418016881 -0.423894405 0.582548261
1762537018824115200.000000 0.657377720 -0.704129517 -0.024618983 -0.558859766 0.411723107 -0.416364223 0.587197304
1762537019190680320.000000 0.696418047 -0.673974693 -0.024335070 -0.584428787 0.373908132 -0.377151698 0.613508224
1762537019390628096.000000 0.717732847 -0.655577302 -0.024377154 -0.596641898 0.353934497 -0.356605589 0.625764549
1762537019690542336.000000 0.749490142 -0.626959085 -0.024177648 -0.604747772 0.339117467 -0.342123091 0.634217083
1762537020223725824.000000 0.809420228 -0.580339670 -0.023676615 -0.606155932 0.338170379 -0.341945827 0.633473694
1762537020723580672.000000 0.863770485 -0.538958669 -0.023401506 -0.603943706 0.335954279 -0.340722173 0.637412906
1762537021090322432.000000 0.901877701 -0.501377583 -0.024079092 -0.614263952 0.317610502 -0.322366387 0.646438897
1762537021290564096.000000 0.918258250 -0.478677481 -0.024416389 -0.625247598 0.295984566 -0.301432699 0.656198859
1762537021490822912.000000 0.933896542 -0.454024196 -0.025069321 -0.635299861 0.274812341 -0.280444473 0.664998710
1762537021691097088.000000 0.947256029 -0.428282052 -0.025944952 -0.645601988 0.251700670 -0.257375240 0.673500478
1762537021991489536.000000 0.968780100 -0.391249180 -0.026831521 -0.653365076 0.234359592 -0.239797905 0.678739071
1762537022224827392.000000 0.989243925 -0.362329334 -0.027112458 -0.655466497 0.232861951 -0.237922981 0.677887619
1762537022558162176.000000 1.005623698 -0.320709527 -0.027333133 -0.667886019 0.195537880 -0.199603513 0.689820111
1762537022758160640.000000 1.014023304 -0.295019686 -0.027599555 -0.674302936 0.173725426 -0.176526889 0.695681930
1762537022924823552.000000 1.021131277 -0.273372412 -0.028292445 -0.677796185 0.161859900 -0.164240852 0.698153853
1762537023225183744.000000 1.036283851 -0.234000534 -0.028387651 -0.678680837 0.153586566 -0.155098468 0.701247454
1762537023392091392.000000 1.039777637 -0.212013468 -0.028596040 -0.682161152 0.133157164 -0.133442998 0.706483185
1762537023559012352.000000 1.041801095 -0.189881802 -0.028837752 -0.685124636 0.113659956 -0.113129191 0.710554302
1762537023725946112.000000 1.043029428 -0.167936668 -0.029047685 -0.689098418 0.092956662 -0.089146107 0.713130772
1762537024126377472.000000 1.053186059 -0.115091398 -0.027963243 -0.687894940 0.088168316 -0.084717609 0.715436876
1762537024626488832.000000 1.066851735 -0.046490215 -0.029813057 -0.687786758 0.085832335 -0.080914743 0.716264606
1762537024826532864.000000 1.066632748 -0.021913201 -0.029621277 -0.687918723 0.063273624 -0.056605019 0.720805287
1762537025060106496.000000 1.064437270 0.009805046 -0.030149473 -0.689925134 0.037699617 -0.029924959 0.722278774
1762537025294066688.000000 1.063010931 0.042619240 -0.031052880 -0.689478278 0.027459541 -0.018763972 0.723542392
1762537025762063104.000000 1.064254642 0.108222909 -0.031434525 -0.690040886 0.025927974 -0.015629195 0.723137021
1762537026262730496.000000 1.065608740 0.180695757 -0.031651936 -0.692939699 0.025779797 -0.013681680 0.720404685
1762537026696058112.000000 1.064134717 0.242555544 -0.032855190 -0.694761932 0.020859772 -0.009598104 0.718873143
1762537026862719744.000000 1.058819652 0.263310164 -0.033041690 -0.694208384 -0.001943243 0.014529706 0.719624817
1762537027196045312.000000 1.044542074 0.308491826 -0.033736981 -0.694707453 -0.040273085 0.054223005 0.716114163
1762537027396039168.000000 1.033774257 0.332779229 -0.033952106 -0.692168891 -0.063488878 0.077466451 0.714751959
1762537027596031744.000000 1.022222400 0.355842263 -0.033876851 -0.688221991 -0.088294685 0.105511032 0.712335646
1762537028029341952.000000 0.998998404 0.412097424 -0.034567613 -0.685936987 -0.095314696 0.112284981 0.712599277
1762537028362670336.000000 0.982554734 0.453464150 -0.034358643 -0.684589207 -0.097892642 0.114883922 0.713131428
1762537028562664448.000000 0.971680999 0.475328743 -0.034180511 -0.679707468 -0.109574765 0.128681779 0.713745177
1762537029029309440.000000 0.934108317 0.523584366 -0.033613443 -0.668715477 -0.161841854 0.181618452 0.702596366
1762537029529297152.000000 0.894477367 0.578889489 -0.032381557 -0.664381385 -0.174697310 0.194875523 0.700072706
1762537030095937024.000000 0.849869370 0.645107448 -0.031170230 -0.666104853 -0.172515154 0.192551956 0.699618876
1762537030629257984.000000 0.808502555 0.710015535 -0.030960046 -0.667190671 -0.169879124 0.189926773 0.699946821
1762537031062572800.000000 0.767907679 0.756105125 -0.031519126 -0.659796298 -0.204761386 0.226673663 0.686557174
1762537031362570240.000000 0.736316025 0.782586157 -0.031781759 -0.650220931 -0.236281618 0.261620015 0.673007250
1762537031595898880.000000 0.712645233 0.806315839 -0.031944785 -0.651205420 -0.234903947 0.260253847 0.673067391
1762537032029218048.000000 0.667794824 0.847947478 -0.032354802 -0.650292814 -0.236954883 0.262053430 0.672532260
1762537032862557696.000000 0.568247259 0.901629269 -0.032505088 -0.617385924 -0.311445236 0.337194085 0.638855755
1762537033329234688.000000 0.511645079 0.934841335 -0.032184616 -0.617168248 -0.309942037 0.336882681 0.639960468
1762537033595906304.000000 0.477904379 0.954573154 -0.031063199 -0.616581082 -0.313786536 0.340400159 0.636783779
1762537035662558720.000000 0.202879056 1.012315869 -0.031464238 -0.516572654 -0.454953849 0.489952177 0.534898639
1762537038529201152.000000 -0.190837801 0.934770525 -0.027979050 0.422761321 0.546205640 -0.580023706 -0.431861967
1762537039395855616.000000 -0.298880607 0.863604546 -0.029722285 0.378825903 0.576820374 -0.611397028 -0.387250394
1762537040162506496.000000 -0.363664359 0.811518073 -0.021485504 0.296216190 0.624020755 -0.657348692 -0.301242083
1762537041596708352.000000 -0.493326306 0.663648307 -0.017489467 0.236825675 0.650739312 -0.681035697 -0.237996608
1762537042030705152.000000 -0.522917688 0.612046003 -0.016059753 0.222473234 0.653988540 -0.687750518 -0.223167941
1762537042797556480.000000 -0.563988805 0.515597641 -0.014579903 0.168619022 0.669362247 -0.704177320 -0.166301489
1762537043230993152.000000 -0.581260204 0.457171232 -0.013464797 0.152265042 0.673231423 -0.707915008 -0.149770558
1762537044064521984.000000 -0.615042329 0.342767090 -0.012655588 0.124611944 0.678439796 -0.713945389 -0.120304994
1762537044397928192.000000 -0.614950657 0.297363549 -0.011771802 0.084536143 0.683738351 -0.720483005 -0.079119228
1762537045598182656.000000 -0.622642994 0.123639561 -0.009076297 0.033010915 0.688910484 -0.723495424 -0.029446788
1762537045964924928.000000 -0.616226196 0.070432670 -0.008953448 0.014435430 0.689420581 -0.724128366 -0.011361134
1762537046698426112.000000 -0.603132963 -0.038723774 -0.009044715 -0.018380413 0.690700233 -0.722568572 0.022139180
1762537047065174784.000000 -0.583958805 -0.088789888 -0.010016220 -0.060784478 0.688311756 -0.719770133 0.066806749
1762537047365235968.000000 -0.564912438 -0.129593804 -0.010160604 -0.096640125 0.685335457 -0.714294612 0.103726998
1762537047765317888.000000 -0.535048008 -0.183678359 -0.011282450 -0.128333569 0.681048572 -0.707278967 0.139498428
1762537048165402624.000000 -0.510974467 -0.235383704 -0.010815842 -0.126011819 0.678218126 -0.710891366 0.137020782
1762537048632175616.000000 -0.472611815 -0.294008523 -0.011656526 -0.164223790 0.671248853 -0.700464308 0.178340375
1762537049098948096.000000 -0.438411415 -0.353529751 -0.013637144 -0.160950497 0.670422196 -0.702919781 0.174736723
1762537049632398080.000000 -0.390607208 -0.412435561 -0.012614368 -0.206696659 0.659244716 -0.688739657 0.219796896
1762537050065826816.000000 -0.338161319 -0.452794969 -0.014889712 -0.254188716 0.641994894 -0.671005309 0.270153016
1762537050565940224.000000 -0.279116362 -0.486906946 -0.015531603 -0.306288242 0.616597354 -0.647245347 0.327213496
1762537050966030336.000000 -0.227632746 -0.506817877 -0.015547495 -0.348259151 0.593162417 -0.622897089 0.372656822
1762537051399461632.000000 -0.168252751 -0.520265520 -0.016076339 -0.392655402 0.566888034 -0.592653394 0.416199118
1762537051832893184.000000 -0.106963642 -0.527176321 -0.017838258 -0.434228748 0.538368940 -0.559799552 0.456320882
1762537052299665408.000000 -0.045329064 -0.523775220 -0.017086701 -0.474642545 0.503264785 -0.519562364 0.501491904
1762537052633075200.000000 0.000889739 -0.514721096 -0.018403461 -0.503232718 0.476971179 -0.488683760 0.529569089
1762537053033165568.000000 0.051557373 -0.497738808 -0.019642020 -0.535459220 0.443049401 -0.450925529 0.560050786
1762537053499939328.000000 0.066744193 -0.485918313 -0.020108072 -0.564582229 0.407679468 -0.411739618 0.587805092
1762537053900030976.000000 0.059695546 -0.482789814 -0.019596415 -0.590471387 0.369225830 -0.370535374 0.614588737
1762537054300122624.000000 0.051240776 -0.477947623 -0.019193735 -0.614465773 0.327798933 -0.326414853 0.639087737
1762537054766896640.000000 0.041447315 -0.472317189 -0.019278064 -0.637628615 0.278442234 -0.274839878 0.663598299
1762537055100307712.000000 0.034513958 -0.470830292 -0.020624414 -0.652125955 0.241864443 -0.236142606 0.678579450
1762537055467062528.000000 0.025582511 -0.469240010 -0.020776197 -0.665720165 0.200386167 -0.193028674 0.692388654
1762537055867159040.000000 0.019647932 -0.467213988 -0.022762049 -0.676483035 0.155205756 -0.146990344 0.704752266
1762537056200572928.000000 0.016523723 -0.462590098 -0.020959837 -0.683890879 0.116229281 -0.104914933 0.712584615
1762537056600668160.000000 0.009110224 -0.451663226 -0.015565521 -0.690048218 0.071130998 -0.057365265 0.717971563
1762537057000763648.000000 -0.001134393 -0.443924904 -0.014587688 -0.683342338 0.019414725 -0.002787464 0.729834676
1762537057900979456.000000 -0.004188481 -0.295741558 -0.016263526 -0.698370099 0.027803538 -0.013852842 0.715062439
1762537058401094144.000000 -0.005547519 -0.226720899 -0.014858528 -0.698319733 0.022285769 -0.008292693 0.715390980
1762537058901207296.000000 -0.003004861 -0.154987842 -0.013830207 -0.695933104 0.031427238 -0.018864013 0.717170656
1762537059401328128.000000 0.005884949 -0.087391242 -0.012715521 -0.692714334 0.057671353 -0.042840507 0.717625022
1762537059901453056.000000 0.014030803 -0.016330481 -0.013545121 -0.690070450 0.060368609 -0.046526093 0.719717860
1762537060434915840.000000 0.018389612 0.045766197 -0.013820978 -0.691148520 0.058926996 -0.048608571 0.718664467
1762537060935036416.000000 0.015283857 0.044526003 -0.013739073 -0.691742480 0.044575166 -0.032798875 0.720020592
1762537061435158528.000000 0.011027278 0.044339426 -0.014088386 -0.693454802 0.025832079 -0.013215477 0.719915688
1762537061935281152.000000 0.011437353 0.044737004 -0.014141452 -0.693063259 0.025615107 -0.012584846 0.720311642
1762537062435406848.000000 0.009232143 0.044259906 -0.014457636 -0.693055809 0.017909883 -0.004053192 0.720650017
1762537062968875264.000000 0.009618636 0.044668291 -0.014599660 -0.693000436 0.017955177 -0.003994470 0.720702529
1762537063502343680.000000 0.009685689 0.044402231 -0.014509114 -0.693049014 0.017961629 -0.003900049 0.720656157
1762537064002470912.000000 0.009466413 0.044719424 -0.014438076 -0.693119407 0.017841551 -0.004015510 0.720590770
1762537064502586112.000000 0.009654084 0.044383883 -0.014554068 -0.693082154 0.017945852 -0.003916939 0.720624626
1762537065002701568.000000 0.009664375 0.044716083 -0.014587314 -0.693071544 0.017984966 -0.003900133 0.720633864
1762537065502821888.000000 0.009527953 0.044595610 -0.014575131 -0.693085015 0.017950833 -0.003951351 0.720621586
1762537066002942720.000000 0.009522201 0.044430200 -0.014702187 -0.693049669 0.018019522 -0.003873236 0.720654190
1762537066504247552.000000 0.009498274 0.044308301 -0.014554289 -0.693065047 0.017923946 -0.003955237 0.720641375
1762537067005692160.000000 0.009628664 0.044940721 -0.014769955 -0.693085194 0.017865673 -0.004018726 0.720623076
1762537067505710592.000000 0.009424547 0.044326790 -0.014469235 -0.693095446 0.017845415 -0.004013862 0.720613778
1762537068039011840.000000 0.009926199 0.044978488 -0.014788634 -0.693063319 0.017912051 -0.003867061 0.720643878
1762537068605669120.000000 0.009889457 0.044377375 -0.014563287 -0.693117499 0.017921777 -0.003874690 0.720591486
1762537069138985728.000000 0.009510024 0.044709172 -0.014604078 -0.693098187 0.017963920 -0.003926056 0.720608711
1762537069705650176.000000 0.009625272 0.044451281 -0.014548901 -0.693109334 0.017894082 -0.003905616 0.720599830
1762537070238977792.000000 0.009795005 0.044523340 -0.014633684 -0.693059921 0.018062346 -0.003751922 0.720643997
1762537070805639168.000000 0.009712378 0.044560738 -0.014802304 -0.693075061 0.017978335 -0.003923815 0.720630586
1762537071338966272.000000 0.009696292 0.044376180 -0.014519763 -0.693131626 0.017900415 -0.003899254 0.720578194
1762537071905617920.000000 0.009751972 0.044816930 -0.014769911 -0.693086207 0.017987626 -0.003874390 0.720619857
1762537072438943744.000000 0.009609880 0.044721134 -0.014757891 -0.693050742 0.017966557 -0.003938008 0.720654190
1762537072972257792.000000 0.009673879 0.044441663 -0.014476860 -0.693132222 0.017927302 -0.003909831 0.720576942
1762537073505573376.000000 0.009570125 0.044475406 -0.014448910 -0.693131268 0.017943891 -0.003947911 0.720577240
1762537074072206336.000000 0.009705413 0.044670381 -0.014684237 -0.693102658 0.017946800 -0.003894695 0.720604956
1762537074638864640.000000 0.009766218 0.044887245 -0.014953075 -0.693042576 0.017997138 -0.003847364 0.720661759
1762537075205513472.000000 0.009758433 0.044897914 -0.014823826 -0.693059146 0.017983221 -0.003871413 0.720646024
1762537075738830848.000000 0.009627881 0.044608690 -0.014626011 -0.693083167 0.017962599 -0.003862382 0.720623553
1762537076305480192.000000 0.009958601 0.044737998 -0.014720596 -0.693085492 0.017922783 -0.003870988 0.720622182
1762537076838798848.000000 0.009737644 0.044545453 -0.014505772 -0.693130732 0.017966025 -0.003867121 0.720577598
1762537077372123136.000000 0.009618515 0.044440191 -0.014590936 -0.693089962 0.017954206 -0.003910037 0.720616937
1762537077938774272.000000 0.009680711 0.044300165 -0.014580235 -0.693075061 0.017963028 -0.003848467 0.720631301
1762537078505427456.000000 0.009722968 0.044807244 -0.014843835 -0.693053782 0.017960461 -0.003853982 0.720651805
1762537079038735872.000000 0.009554429 0.044623546 -0.014763011 -0.693045855 0.017926013 -0.003957833 0.720659792
1762537079538742272.000000 0.009691145 0.044704378 -0.014619770 -0.693120062 0.017949888 -0.003843667 0.720588386
1762537080105404672.000000 0.009705863 0.044283636 -0.014614462 -0.693062246 0.018007791 -0.003785493 0.720642924
1762537080605408512.000000 0.009621009 0.044476822 -0.014632422 -0.693088412 0.017936153 -0.003947795 0.720618606
1762537081138733824.000000 0.009717239 0.044888485 -0.014914088 -0.693053663 0.017989069 -0.003887098 0.720651031
1762537081672053760.000000 0.009575663 0.044365153 -0.014668357 -0.693068326 0.017942589 -0.003918282 0.720637977
1762537082172241920.000000 0.009645393 0.044676691 -0.014776788 -0.693055868 0.017987043 -0.003874907 0.720649123
1762537082706371584.000000 0.009642923 0.044628575 -0.014635947 -0.693101168 0.017921388 -0.003903745 0.720606983
1762537083206942208.000000 0.009636700 0.044391781 -0.014604051 -0.693080306 0.017958377 -0.003862520 0.720626295
1762537083740401152.000000 0.009793757 0.044471838 -0.014546378 -0.693102539 0.017951710 -0.003850234 0.720605254
1762537084273853952.000000 0.009700105 0.044668004 -0.014779406 -0.693052888 0.018021895 -0.003846246 0.720651209
1762537084773961984.000000 0.009839579 0.044445578 -0.014572709 -0.693104386 0.018004604 -0.003727258 0.720602691
1762537085274076416.000000 0.009645570 0.044609651 -0.014587925 -0.693155646 0.017990613 -0.003860664 0.720553100
1762537085774198528.000000 0.009726794 0.044655588 -0.014544520 -0.693134844 0.017985310 -0.003831716 0.720573425
1762537086307666176.000000 0.009718552 0.044615351 -0.014574511 -0.693130136 0.017927319 -0.003863824 0.720579207
1762537086841138432.000000 0.009876654 0.044896051 -0.014786068 -0.693096995 0.017978061 -0.003788160 0.720610261
1762537087341257216.000000 0.009542580 0.044347934 -0.014432278 -0.693146229 0.017997148 -0.003875317 0.720561922
1762537087874707968.000000 0.009674549 0.044810317 -0.014743805 -0.693101108 0.017965736 -0.003860865 0.720606208
1762537088408178432.000000 0.009723480 0.044474229 -0.014588895 -0.693118870 0.017991461 -0.003837618 0.720588624
1762537088908314368.000000 0.009726178 0.044741791 -0.014705151 -0.693117082 0.018018598 -0.003810387 0.720589697
1762537091475545088.000000 0.006432300 0.043396488 -0.014632701 -0.693237364 0.002925363 0.013174953 0.720583022
1762537093542676736.000000 0.006458653 0.043411765 -0.014638849 -0.693218768 0.002915757 0.013215089 0.720600188
1762537095643164672.000000 0.006458231 0.043402910 -0.014626682 -0.693261087 0.002890985 0.013243781 0.720559061
1762537097177096960.000000 -0.002162335 0.106824905 -0.015338269 -0.693843246 -0.008020216 0.021989919 0.719745576
1762537099278911744.000000 -0.027292756 0.406460166 -0.015113532 -0.693852663 -0.005613919 0.024108320 0.719691515
1762537100879006976.000000 -0.051501084 0.629988015 -0.014257422 -0.692252278 -0.014157096 0.026245803 0.721039295
1762537101379050752.000000 -0.079337932 0.694559813 -0.015502984 -0.691593707 -0.075003810 0.086875252 0.713109612
1762537101879098624.000000 -0.116061389 0.752634048 -0.016485251 -0.684324503 -0.131417185 0.142199740 0.702999830
1762537102412481536.000000 -0.162321001 0.802791834 -0.015201808 -0.668349504 -0.189746708 0.204497665 0.689554870
1762537102912522240.000000 -0.205312803 0.860344827 -0.015374724 -0.665925264 -0.191878095 0.207526565 0.690405071
1762537104948235520.000000 -0.405927181 1.074804544 -0.016757429 -0.647215188 -0.249162510 0.270174563 0.667859554
1762537105448535040.000000 -0.456621975 1.125401616 -0.016166506 -0.648020267 -0.247999743 0.273060113 0.666336358
1762537105981763840.000000 -0.516042531 1.173729897 -0.016169801 -0.643973470 -0.260632247 0.285187125 0.660331309
1762537108714596864.000000 -0.873688281 1.310693145 -0.021621518 -0.551041365 -0.417327851 0.444033980 0.570109427
1762537111414095872.000000 -1.263191700 1.347276926 -0.019362569 -0.534986734 -0.437752694 0.464453161 0.553574860
1762537113747674624.000000 -1.473098874 1.351723313 -0.020195585 0.475578070 0.501748860 -0.533222616 -0.487593412
1762537116714603776.000000 -1.417989731 1.315414429 -0.019652067 0.186606094 0.665563524 -0.698627591 -0.184723869
1762537117647919360.000000 -1.391555071 1.315372348 -0.021381017 0.081637882 0.686727226 -0.718304515 -0.076023743
1762537118647897088.000000 -1.366785407 1.321652174 -0.023324888 -0.033979945 0.691250801 -0.720541775 0.042863034
1762537119014546688.000000 -1.357781649 1.324995756 -0.025511943 -0.075751618 0.688372076 -0.716390610 0.084794097
1762537119347880704.000000 -1.350977778 1.325331330 -0.027944064 -0.111208662 0.683485985 -0.711039305 0.122076839
1762537119681211904.000000 -1.344678164 1.326621532 -0.030627823 -0.148526371 0.676615179 -0.703336775 0.159528434
1762537119981204736.000000 -1.340002656 1.333501577 -0.029696472 -0.178087711 0.669359565 -0.696091175 0.188943595
1762537120314857216.000000 -1.334757090 1.337294936 -0.031395037 -0.211495399 0.659763157 -0.685529470 0.223677605
1762537120682070016.000000 -1.332563877 1.335862756 -0.033329174 -0.248990864 0.646870852 -0.671348453 0.262398273
1762537121015951104.000000 -1.330678821 1.341248155 -0.034040637 -0.280089319 0.634122312 -0.657829642 0.294447035
1762537121216088832.000000 -1.334598541 1.341438532 -0.032272160 -0.298165649 0.625592113 -0.649512649 0.312834173
1762537121716205312.000000 -1.343436718 1.338700056 -0.024567122 -0.322531462 0.613796949 -0.635658801 0.339359403
1762537122249664000.000000 -1.357416272 1.356643438 -0.029874699 -0.365320772 0.588440716 -0.610581458 0.384016365
1762537122616418304.000000 -1.360933065 1.371234894 -0.029361282 -0.396056741 0.568810463 -0.589499176 0.414830744
1762537122916491520.000000 -1.361369610 1.380269647 -0.032052055 -0.422136307 0.547830999 -0.568864942 0.445056111
1762537123249905152.000000 -1.363359928 1.390719771 -0.033396877 -0.454121947 0.521761894 -0.541943014 0.477321297
1762537123683343616.000000 -1.365791917 1.402404785 -0.035102013 -0.489516139 0.488234043 -0.506780386 0.514951587
1762537124016757760.000000 -1.345871568 1.411814451 -0.034984868 -0.508161128 0.469599932 -0.486925036 0.533059299
1762537124450188032.000000 -1.292242289 1.423670292 -0.034999073 -0.514207661 0.462010562 -0.477782309 0.542089343
1762537124950297344.000000 -1.218761802 1.425665736 -0.034031183 -0.493065357 0.484686852 -0.502956331 0.518652260
1762537125451296256.000000 -1.147908092 1.431023955 -0.033964150 -0.494462132 0.484983832 -0.501111448 0.518830597
1762537125986185728.000000 -1.070749521 1.431456923 -0.033201732 -0.487049192 0.493837595 -0.506426632 0.512288690
1762537126353184000.000000 -1.014471889 1.427096248 -0.033476908 -0.468904078 0.512731910 -0.522429168 0.494269937
1762537126886494720.000000 -0.934444547 1.420090914 -0.034371004 -0.463133246 0.520470738 -0.526269317 0.487502307
1762537127419804928.000000 -0.856738150 1.417124987 -0.034523673 -0.464461386 0.518979788 -0.525908291 0.488217175
1762537127953110272.000000 -0.781925797 1.416104317 -0.034219291 -0.463065594 0.514379323 -0.528922498 0.491146713
1762537128486420992.000000 -0.705257475 1.414200544 -0.034090269 -0.462958097 0.511799634 -0.530386567 0.492362648
1762537128953060352.000000 -0.637767851 1.413949490 -0.032909643 -0.472628534 0.504421949 -0.520063579 0.501711667
1762537129486374912.000000 -0.559332550 1.415675640 -0.032681100 -0.473741084 0.503824830 -0.519727767 0.501610398
1762537130019682048.000000 -0.478031188 1.417755842 -0.032876741 -0.475753874 0.504094839 -0.519079089 0.500103593
1762537130453010688.000000 -0.415196836 1.419110894 -0.032793254 -0.476543963 0.503384292 -0.517688334 0.501506746
1762537130986330112.000000 -0.336397171 1.421098828 -0.033308774 -0.475140989 0.502655208 -0.518009067 0.503234982
1762537131519651072.000000 -0.258741766 1.422697425 -0.034055851 -0.475379527 0.501536429 -0.518519223 0.503600359
1762537132052959232.000000 -0.180617630 1.425315976 -0.033509564 -0.474715739 0.501193762 -0.519638062 0.503414571
1762537132586264576.000000 -0.102340207 1.425349355 -0.033434503 -0.474010855 0.500451982 -0.519956946 0.504486322
1762537133119554048.000000 -0.023584682 1.428661704 -0.034100547 -0.475624710 0.501354694 -0.518479347 0.503590882
1762537133586204928.000000 0.046399735 1.429674387 -0.033026271 -0.475498736 0.503098190 -0.517343342 0.503139317
1762537134152837632.000000 0.130434230 1.434434414 -0.034298655 -0.475640744 0.503221571 -0.517908216 0.502299845
1762537134652825088.000000 0.204136163 1.438080311 -0.035791554 -0.477659792 0.502217352 -0.517136097 0.502184391
1762537135119467520.000000 0.273813874 1.442030907 -0.035602979 -0.477305144 0.503802240 -0.516007066 0.502095461
1762537135552794624.000000 0.340281814 1.444714427 -0.036094457 -0.478268027 0.504097283 -0.515157938 0.501754820
1762537136052773376.000000 0.414345086 1.447143674 -0.036518089 -0.477983594 0.504381239 -0.516273141 0.500593007
1762537136486102272.000000 0.478878975 1.448904991 -0.036760766 -0.477815866 0.503676176 -0.516450524 0.501279533
1762537137019418880.000000 0.555776834 1.450608373 -0.036885791 -0.476011574 0.504095554 -0.517041266 0.501965284
1762537137452755712.000000 0.573238850 1.443857193 -0.036263697 -0.452320248 0.523481250 -0.539090753 0.480369657
1762537137852755200.000000 0.576802969 1.434590816 -0.035462804 -0.418000102 0.554832757 -0.568401098 0.440859020
1762537138286089216.000000 0.577097774 1.425367475 -0.033651024 -0.377569944 0.583657324 -0.598679662 0.397954524
1762537138552758784.000000 0.581757843 1.418753147 -0.035045154 -0.351206094 0.599882901 -0.616421103 0.369891733
1762537138852758528.000000 0.583963215 1.412125349 -0.034156516 -0.319684386 0.616383731 -0.635349452 0.337941021
1762537139386085632.000000 0.581944942 1.398702860 -0.036543243 -0.263948590 0.642850518 -0.662717998 0.279068470
1762537139686079488.000000 0.583547592 1.391474843 -0.035641544 -0.230723932 0.654153824 -0.677444458 0.244782120
1762537140019398912.000000 0.583977818 1.386911154 -0.036280520 -0.192828506 0.665527761 -0.691127598 0.205505654
1762537140352740352.000000 0.590230286 1.380726933 -0.035154816 -0.154059291 0.674804330 -0.702387094 0.166003838
1762537140552748032.000000 0.587934077 1.374552608 -0.035018116 -0.131381378 0.681224823 -0.706054688 0.141980574
1762537140886088704.000000 0.581349790 1.369362950 -0.033886921 -0.093206145 0.687246859 -0.713027954 0.102934442
1762537141219590656.000000 0.574140549 1.363624334 -0.033760507 -0.054091305 0.691329420 -0.717804492 0.062406424
1762537141620187648.000000 0.580848038 1.319328785 -0.033878587 -0.040688109 0.694233775 -0.717009068 0.047770675
1762537142121005568.000000 0.595026910 1.250226498 -0.033881724 -0.040923100 0.690042734 -0.720912874 0.049508441
1762537142654477568.000000 0.611167967 1.176746249 -0.031878240 -0.040981576 0.687720180 -0.723131418 0.049421579
1762537143087924224.000000 0.623950660 1.113848329 -0.031185895 -0.039762888 0.687771976 -0.723176360 0.049036365
1762537143588047616.000000 0.626677215 1.078643084 -0.030266685 -0.015924066 0.686263502 -0.726748943 0.024997493
1762537144354899456.000000 0.608981967 1.071913004 -0.028882023 0.073925547 0.684466660 -0.722115159 -0.067750745
1762537144788333312.000000 0.597946465 1.071862340 -0.027573308 0.123257548 0.677063167 -0.715797842 -0.118433364
1762537145288448000.000000 0.584385395 1.070120573 -0.027503835 0.180440202 0.665121078 -0.702496827 -0.177633151
1762537145688536832.000000 0.573071539 1.070537329 -0.027415797 0.225649849 0.652187645 -0.688165724 -0.223967507
1762537146021944576.000000 0.565131605 1.074533105 -0.026720226 0.262233913 0.637723088 -0.675253272 -0.261869729
1762537146355360256.000000 0.555837750 1.076613903 -0.027517229 0.296765417 0.623172700 -0.659472704 -0.297794878
1762537146722121472.000000 0.546459794 1.079193711 -0.027978346 0.334736198 0.603627145 -0.639787614 -0.338020504
1762537147122225408.000000 0.536131144 1.083964229 -0.028775878 0.375624686 0.579394996 -0.615095437 -0.380611509
1762537147488983040.000000 0.527936459 1.089051127 -0.029200442 0.410830319 0.555637002 -0.590209067 -0.417300016
1762537148522563328.000000 0.453068316 1.095744491 -0.030872539 0.484633207 0.489462793 -0.525559008 -0.499344081
1762537151356520960.000000 0.042509623 1.073724151 -0.026132580 -0.497581810 -0.479352534 0.510230184 0.512150943
1762537153223564800.000000 -0.227422208 1.068004131 -0.023771040 -0.498955399 -0.480950534 0.510339200 0.509199381
1762537153590311168.000000 -0.281287968 1.065027356 -0.023539379 -0.498977810 -0.480808020 0.509328008 0.510323346
1762537155993000448.000000 -0.630510390 1.069443464 -0.021805890 -0.514287531 -0.466709554 0.494495630 0.522651553
1762537158960040448.000000 -1.057777882 1.065645337 -0.020677045 -0.506601453 -0.468168885 0.500027478 0.523589015
1762537161559998720.000000 -1.437911630 1.069474459 -0.018144745 -0.512222290 -0.472246081 0.495206684 0.519020498
1762537162826646016.000000 -1.419820547 1.048615932 -0.016216040 0.406672657 0.557587087 -0.592186570 -0.415967733
1762537165826641152.000000 -1.351010442 1.025035977 -0.018994873 0.087065525 0.685532928 -0.718269825 -0.080949366
1762537166359971072.000000 -1.340116382 1.014170051 -0.018636867 0.036972355 0.683664024 -0.728256583 -0.029647402
1762537166926632448.000000 -1.343859196 0.923303425 -0.018279003 0.037183024 0.692107558 -0.720075309 -0.033108909
1762537168459900672.000000 -1.334629893 0.814365685 -0.018772429 -0.029706309 0.692806542 -0.719663978 0.034936130
1762537168859895808.000000 -1.326407671 0.816931963 -0.020598410 -0.077748761 0.689992785 -0.714817762 0.083070539
1762537169293221888.000000 -1.318748236 0.819748163 -0.022586830 -0.126276582 0.683144033 -0.706781209 0.133524805
1762537169726550016.000000 -1.314053416 0.824002206 -0.025844431 -0.177086756 0.670786798 -0.695783079 0.185933873
1762537170159868416.000000 -1.310562372 0.825346708 -0.028517226 -0.224125534 0.655114233 -0.681946754 0.235673130
1762537170593195520.000000 -1.307862639 0.830096424 -0.028216429 -0.272153199 0.637125254 -0.662114978 0.285670996
1762537171126508800.000000 -1.306849360 0.840606809 -0.028005684 -0.326980472 0.610706031 -0.634341121 0.343122751
1762537171627206144.000000 -1.316508889 0.848373890 -0.030368442 -0.376097530 0.581620812 -0.603402436 0.395188004
1762537172128008960.000000 -1.335890412 0.859946668 -0.032445829 -0.422186643 0.549545527 -0.568225980 0.443708748
1762537172561437184.000000 -1.336142540 0.871386647 -0.031920500 -0.455877811 0.516546249 -0.538805068 0.484813750
1762537173061545984.000000 -1.263599634 0.870141864 -0.032202065 -0.459050357 0.516877472 -0.535965741 0.484614372
1762537173595012352.000000 -1.187170029 0.867108107 -0.031649143 -0.458978087 0.518054366 -0.535670340 0.483752221
1762537174128481536.000000 -1.111902952 0.864419460 -0.031744435 -0.458195627 0.518604279 -0.537169755 0.482239664
1762537174628599040.000000 -1.038131595 0.860045075 -0.031561531 -0.458479494 0.520336032 -0.537808776 0.479383647
1762537175128715776.000000 -0.964854360 0.856879294 -0.033020370 -0.463643104 0.514494538 -0.533376992 0.485633105
1762537175628832256.000000 -0.897364438 0.861356139 -0.032217346 -0.475109965 0.503639102 -0.521688163 0.498457372
1762537176128948992.000000 -0.821689367 0.862300873 -0.032497197 -0.473855048 0.504051149 -0.522089243 0.498815179
1762537176662405376.000000 -0.742851019 0.863310814 -0.032957405 -0.474511236 0.503761172 -0.522376835 0.498182803
1762537177162523904.000000 -0.670855939 0.863657117 -0.033311192 -0.473919868 0.502280593 -0.521679401 0.500963748
1762537177662693632.000000 -0.595884383 0.864408851 -0.033683274 -0.474500328 0.502703130 -0.520417333 0.501303077
1762537178196207104.000000 -0.516070664 0.863854647 -0.032108836 -0.474467129 0.504334629 -0.518316329 0.501872301
1762537178662987776.000000 -0.447033882 0.867036521 -0.032086331 -0.475123942 0.504592180 -0.518439949 0.500863314
1762537179163110400.000000 -0.372535944 0.869289339 -0.031963199 -0.474409252 0.504501998 -0.519996166 0.500017643
1762537179663231488.000000 -0.299458325 0.872156978 -0.032798164 -0.475742489 0.501980543 -0.519726098 0.501567006
1762537180163351808.000000 -0.224950254 0.874408185 -0.033302281 -0.475310773 0.501121640 -0.518946767 0.503637850
1762537180663461888.000000 -0.153129756 0.877513409 -0.032748651 -0.474793375 0.501244009 -0.519407809 0.503528833
1762537181163572224.000000 -0.077957831 0.880365491 -0.032449700 -0.476091534 0.502206206 -0.517598033 0.503207803
1762537181663699712.000000 -0.002231296 0.884821594 -0.032596827 -0.477606803 0.500639260 -0.518227518 0.502685070
1762537182197169664.000000 0.076081961 0.890125155 -0.032892466 -0.479181796 0.499555260 -0.518448472 0.502036333
1762537182697286400.000000 0.151488990 0.894406796 -0.033271752 -0.480545223 0.499340355 -0.517277837 0.502154469
1762537183130720512.000000 0.215310737 0.897391379 -0.033217270 -0.480433196 0.498371065 -0.517408848 0.503088713
1762537183632032512.000000 0.289830744 0.902449727 -0.032610677 -0.481332362 0.496642500 -0.516926765 0.504432499
1762537184133484032.000000 0.363650382 0.907623053 -0.033075318 -0.482428342 0.494396538 -0.514507055 0.508052528
1762537184600164608.000000 0.434162050 0.913809121 -0.033832647 -0.485889405 0.493326038 -0.512038350 0.508289039
1762537185033464320.000000 0.498291969 0.917733431 -0.032353662 -0.486476570 0.494965464 -0.511102736 0.507073820
1762537185566780928.000000 0.541894257 0.917509556 -0.031734899 -0.471457213 0.509865582 -0.525823832 0.491197109
1762537186033427456.000000 0.547606409 0.907620668 -0.030451177 -0.430572450 0.544774354 -0.563467979 0.447584867
1762537186500083712.000000 0.550172865 0.895100474 -0.030230157 -0.386147529 0.575834930 -0.597726762 0.402525753
1762537187033395712.000000 0.550513446 0.883119285 -0.029202681 -0.332907259 0.607216954 -0.632152557 0.347625464
1762537187533390592.000000 0.547485590 0.871612608 -0.028921656 -0.280341655 0.633377612 -0.659723818 0.291557640
1762537187966714624.000000 0.553343296 0.862378716 -0.030718321 -0.232865021 0.650497913 -0.680280685 0.244631678
1762537188500288512.000000 0.550700307 0.849977314 -0.030695733 -0.172182977 0.669119835 -0.699832499 0.181290552
1762537188967310080.000000 0.543000400 0.843104899 -0.029590707 -0.117463797 0.680894613 -0.711948216 0.125357941
1762537189367462912.000000 0.535001159 0.837155223 -0.027677651 -0.070604078 0.686904669 -0.719095528 0.077966705
1762537189834089984.000000 0.539202988 0.786826968 -0.027407786 -0.041302931 0.693545341 -0.717673242 0.047265861
1762537190367411456.000000 0.552673817 0.713209450 -0.026559664 -0.038646832 0.690759659 -0.720566750 0.046272796
1762537190867475968.000000 0.566326082 0.641474009 -0.026350854 -0.037132524 0.691371500 -0.720066667 0.046159893
1762537191367490816.000000 0.580110013 0.571417391 -0.026852317 -0.032698672 0.696726203 -0.715474486 0.039997123
1762537192300689152.000000 0.559042394 0.565558374 -0.024665745 0.071344912 0.689619839 -0.717509747 -0.067188136
1762537192867292672.000000 0.544819236 0.563554883 -0.024386650 0.135619551 0.680357039 -0.707614183 -0.134178326
1762537193400574208.000000 0.530152977 0.564581156 -0.023676638 0.196270779 0.664517701 -0.693657160 -0.196808875
1762537193867216896.000000 0.518741071 0.567294300 -0.022938728 0.245901600 0.646987796 -0.677035987 -0.250122905
1762537194300515328.000000 0.507483423 0.571390867 -0.022958469 0.291906357 0.627297223 -0.657357395 -0.298613846
1762537195233728256.000000 0.486399770 0.583098531 -0.023792051 0.384685069 0.574086428 -0.604743958 -0.395887464
1762537196133605120.000000 0.471361518 0.600092888 -0.023459213 0.465931296 0.509472191 -0.539643526 -0.481799781
1762537196466897920.000000 0.469253838 0.607030153 -0.022747513 -0.492857754 -0.481857747 0.512875617 0.511725605
1762537196833511936.000000 0.423090994 0.608939588 -0.022226883 -0.503272891 -0.472242534 0.501068473 0.522143543
1762537198999907840.000000 0.127809927 0.609396398 -0.020548508 -0.508044839 -0.465722620 0.495191574 0.528940737
1762537201068057344.000000 -0.166038483 0.611999512 -0.022216804 -0.517801046 -0.465674132 0.489794731 0.524529159
1762537203801785344.000000 -0.559877992 0.620532691 -0.021611504 -0.511672139 -0.466641098 0.494801551 0.524984956
1762537206369368320.000000 -0.927473068 0.608739734 -0.020223415 -0.501646817 -0.475320160 0.505974531 0.516150177
1762537208870011904.000000 -1.296562910 0.597052217 -0.019535912 -0.508066177 -0.484078228 0.498946786 0.508516669
1762537211070526720.000000 -1.326223731 0.579484761 -0.020529937 0.415280581 0.555742919 -0.584272206 -0.421091408
1762537213804462848.000000 -1.260961771 0.554602683 -0.018505316 0.125125557 0.681724489 -0.710965812 -0.118840314
1762537214304569600.000000 -1.247345448 0.558862388 -0.018282115 0.068232492 0.688961625 -0.719077289 -0.060033787
1762537217171932416.000000 -1.225237608 0.287293792 -0.017865412 -0.040966026 0.690119624 -0.720795214 0.050109915
1762537217672049408.000000 -1.215273857 0.293418765 -0.018974777 -0.098672554 0.683767200 -0.714491427 0.110580921
1762537218172167680.000000 -1.205880880 0.298113704 -0.021827318 -0.154744625 0.673224747 -0.702958763 0.169327050
1762537218638966528.000000 -1.197355986 0.299791038 -0.025105830 -0.207685411 0.659341633 -0.687046826 0.223834977
1762537219139112704.000000 -1.191001534 0.299381495 -0.029584128 -0.262402982 0.639652193 -0.665919065 0.280252725
1762537219605891840.000000 -1.187552214 0.303567946 -0.030204184 -0.312767029 0.618163943 -0.640649855 0.331086069
1762537220139350528.000000 -1.184985757 0.315637946 -0.030519092 -0.367108673 0.589547873 -0.607480109 0.385528922
1762537220639479040.000000 -1.190450788 0.324626863 -0.033760026 -0.416415244 0.556420624 -0.572336137 0.435230672
1762537221139610624.000000 -1.207418799 0.331081152 -0.034262706 -0.457095802 0.513427317 -0.536913276 0.489060313
1762537221639739904.000000 -1.137808681 0.335616142 -0.036050629 -0.473948002 0.499722451 -0.520268977 0.504946589
1762537222173213952.000000 -1.059914947 0.339015752 -0.036550574 -0.476104289 0.502161562 -0.520304978 0.500441134
1762537222706677504.000000 -0.982861161 0.342062443 -0.036983952 -0.479857594 0.502215564 -0.518632233 0.498534650
1762537223240140800.000000 -0.905360639 0.340998352 -0.036552984 -0.471418232 0.507897615 -0.527536094 0.491437197
1762537223773602048.000000 -0.829238236 0.334857136 -0.035853840 -0.460330456 0.515340626 -0.537646234 0.483173311
1762537224307063552.000000 -0.751876593 0.332306534 -0.035137068 -0.459390372 0.513129771 -0.538816392 0.485113680
1762537224807186944.000000 -0.677134156 0.329056352 -0.032914855 -0.461519182 0.515458882 -0.537096024 0.482524663
1762537225307307520.000000 -0.603549063 0.324785769 -0.033156883 -0.463721991 0.516417682 -0.535587907 0.481061727
1762537225807418112.000000 -0.524622440 0.320607781 -0.034503210 -0.463497519 0.516943038 -0.534473896 0.481951833
1762537226307533568.000000 -0.451782793 0.316844404 -0.034240007 -0.461802721 0.518203497 -0.535266399 0.481345236
1762537226807668736.000000 -0.382372975 0.318905175 -0.033290043 -0.475636452 0.502675951 -0.521238744 0.499396801
1762537227341146112.000000 -0.303591490 0.320910811 -0.034211680 -0.477360100 0.499652833 -0.519714236 0.502365828
1762537227841277184.000000 -0.230438143 0.323691040 -0.034495730 -0.477341413 0.498623103 -0.519366324 0.503764689
1762537228341406208.000000 -0.154061437 0.325391740 -0.033999205 -0.479988068 0.499665558 -0.516394556 0.503271759
1762537228841530880.000000 -0.077891357 0.327324510 -0.035706576 -0.480493039 0.501247942 -0.514806986 0.502842724
1762537229341653760.000000 -0.001600264 0.329959184 -0.035517082 -0.480940372 0.502091885 -0.515005589 0.501367569
1762537229875113984.000000 0.077264614 0.333924115 -0.035437986 -0.479355484 0.501173079 -0.517558157 0.501176059
1762537230408566528.000000 0.158631563 0.338154256 -0.033980623 -0.482238472 0.503488779 -0.515633762 0.498063266
1762537230908666368.000000 0.233687043 0.341955930 -0.033707373 -0.481808692 0.502258182 -0.515083134 0.500286460
1762537231408768768.000000 0.310260653 0.344114393 -0.033734977 -0.481031686 0.502920568 -0.515820801 0.499608099
1762537231942219008.000000 0.387638271 0.347814858 -0.033150427 -0.481465369 0.502377748 -0.515800953 0.499756962
1762537232442333952.000000 0.463179767 0.352204621 -0.032827541 -0.482130170 0.504149497 -0.514560282 0.498609513
1762537232942455552.000000 0.537619472 0.355445147 -0.032164156 -0.479867399 0.504468203 -0.515632987 0.499361306
1762537233442576896.000000 0.610571027 0.356788784 -0.031421024 -0.479743868 0.503031969 -0.515044034 0.501532137
1762537233942697728.000000 0.627310097 0.349092811 -0.030340364 -0.451279521 0.529884577 -0.541581452 0.471443206
1762537234442822144.000000 0.629836857 0.337696224 -0.028719876 -0.404254764 0.566181600 -0.580215812 0.423516482
1762537234942950912.000000 0.631053627 0.326467901 -0.029562062 -0.355541855 0.595913470 -0.614972055 0.374548554
1762537235443074048.000000 0.659605443 0.296749026 -0.030233398 -0.305167764 0.630183101 -0.640237451 0.315971464
1762537235976533504.000000 0.649504542 0.290477455 -0.027242647 -0.247549385 0.645409465 -0.672159076 0.265269786
1762537236476654592.000000 0.643691778 0.279191285 -0.026532141 -0.193152115 0.663935959 -0.691635370 0.208618805
1762537236876753152.000000 0.642048895 0.272434622 -0.028110065 -0.147960603 0.674482048 -0.705257475 0.160604030
1762537237376873984.000000 0.638804138 0.269823641 -0.025736762 -0.091184109 0.685792029 -0.714818597 0.102025636
1762537237876989440.000000 0.629450440 0.265704215 -0.024411744 -0.033161003 0.691039145 -0.720816016 0.042303383
1762537238410447360.000000 0.629029274 0.211215138 -0.022163240 -0.002431071 0.687195122 -0.726380527 0.011330685
1762537238910566912.000000 0.637495399 0.136559680 -0.023307780 -0.001507402 0.691368163 -0.722422421 0.010661079
1762537239444017408.000000 0.644878864 0.056005567 -0.023627035 -0.000325002 0.691834807 -0.722008884 0.008234297
1762537240477563904.000000 0.624851882 0.035807855 -0.022235965 0.102065481 0.685863912 -0.713879883 -0.097718894
1762537240977682432.000000 0.611984909 0.036056556 -0.021423198 0.158824563 0.674489200 -0.703822136 -0.156440273
1762537241511163648.000000 0.595989227 0.036304601 -0.022109294 0.219732478 0.656645834 -0.687474787 -0.218888700
1762537241977975808.000000 0.582752824 0.039947547 -0.022413317 0.270257831 0.636922896 -0.669302642 -0.270784080
1762537242478114048.000000 0.571165323 0.046525229 -0.022207750 0.321649462 0.611810744 -0.645490825 -0.324916691
1762537242944895232.000000 0.560751855 0.054336861 -0.021856528 0.367854148 0.584238112 -0.619079351 -0.374285847
1762537243445016064.000000 0.550170064 0.062774934 -0.022407513 0.414361089 0.551553905 -0.586845577 -0.423916906
1762537244411911168.000000 0.540063083 0.081935942 -0.022000466 -0.496120393 -0.480113268 0.512106836 0.510981798
1762537244811997952.000000 0.513971806 0.087343149 -0.021740813 -0.512075305 -0.464221030 0.494688779 0.526840389
1762537245645526016.000000 0.399051726 0.086703330 -0.021563914 -0.508513033 -0.466690212 0.500982285 0.522141397
1762537246045627392.000000 0.339553773 0.085885137 -0.022053268 -0.508367062 -0.469448209 0.499574482 0.521158993
1762537246479062528.000000 0.281191111 0.084773324 -0.022080485 -0.505950212 -0.471324474 0.502404094 0.519093215
1762537247879362048.000000 0.086045861 0.078019671 -0.019147411 -0.500050962 -0.472855538 0.506252468 0.519677818
1762537250046533376.000000 -0.223745853 0.070368394 -0.018661287 -0.502008796 -0.477197081 0.505051374 0.514969170
1762537250946749184.000000 -0.352832258 0.068802722 -0.018841727 -0.500011683 -0.477621794 0.507477820 0.514132321
1762537253714031616.000000 -0.749110520 0.039007787 -0.014182500 -0.491795421 -0.485054523 0.517493844 0.505034208
1762537256250242560.000000 -1.114416480 0.009684800 -0.013843890 0.490890533 0.488125235 -0.519676805 -0.500695705
1762537257850214144.000000 -1.277491570 -0.017837107 -0.014929920 0.446611673 0.530680776 -0.561141074 -0.451704055
1762537260750264320.000000 -1.214166641 -0.049480841 -0.010464350 0.148973495 0.675016165 -0.708518386 -0.141992509
1762537261283629056.000000 -1.205005050 -0.067888290 -0.009444438 0.093488425 0.680605888 -0.721797109 -0.083931580
1762537261816935168.000000 -1.221261740 -0.151809037 -0.009928277 0.093945220 0.685318649 -0.716643333 -0.089079313
1762537262250234368.000000 -1.233827710 -0.214946285 -0.008764213 0.092321262 0.686540246 -0.715910316 -0.087245516
1762537262716881664.000000 -1.232907057 -0.269361347 -0.008905815 0.052843086 0.694877565 -0.715500474 -0.049110223
1762537263250177024.000000 -1.220616698 -0.260857344 -0.010169625 -0.003835652 0.692857683 -0.720997870 0.009776445
1762537263683482624.000000 -1.211004257 -0.257630080 -0.011979060 -0.055157166 0.691390336 -0.717602730 0.063114226
1762537264116774400.000000 -1.202235103 -0.254609466 -0.014412858 -0.103299215 0.685050964 -0.712080240 0.113913335
1762537264650080256.000000 -1.194712877 -0.252437979 -0.017356351 -0.165802941 0.672120214 -0.699025035 0.179242507
1762537265183377152.000000 -1.185714960 -0.244579092 -0.019518219 -0.226356581 0.654589772 -0.679786921 0.241173714
1762537265683352320.000000 -1.180373073 -0.235108525 -0.020310324 -0.278517187 0.634218574 -0.658423960 0.294402599
1762537266183313664.000000 -1.173554301 -0.227772877 -0.022622431 -0.330761611 0.608579576 -0.630894482 0.349570930
1762537266749957888.000000 -1.170588493 -0.216021329 -0.025851138 -0.385484338 0.575017750 -0.596133113 0.406671584
1762537267316590336.000000 -1.175450683 -0.201247409 -0.025200745 -0.438053578 0.535437882 -0.555423021 0.461433202
1762537267849911808.000000 -1.115520120 -0.201957107 -0.024346866 -0.455467850 0.520662844 -0.538840890 0.480738789
1762537268383223552.000000 -1.038522601 -0.209109157 -0.025317362 -0.455621004 0.521508813 -0.538564980 0.479985297
1762537268916540160.000000 -0.959957242 -0.215259790 -0.025790850 -0.456301063 0.522948861 -0.538097322 0.478293836
1762537269483185664.000000 -0.879431605 -0.221450940 -0.024236577 -0.454966784 0.522949755 -0.538928568 0.478628069
1762537270049831680.000000 -0.796164870 -0.227325603 -0.023765357 -0.454702437 0.523081362 -0.539559007 0.478024751
1762537270550255616.000000 -0.722586393 -0.232980773 -0.023526248 -0.453531563 0.523916721 -0.540469825 0.477192670
1762537271051022592.000000 -0.651875496 -0.238768131 -0.023652226 -0.453246593 0.523331583 -0.540758908 0.477777630
1762537271551387648.000000 -0.580170453 -0.242654055 -0.023328710 -0.463821352 0.515492082 -0.531612873 0.486338854
1762537272051494144.000000 -0.506183803 -0.244904533 -0.022011487 -0.462026387 0.516881466 -0.534598291 0.483290553
1762537272551606016.000000 -0.431458175 -0.248447239 -0.022274494 -0.464582741 0.517557323 -0.532842755 0.482053906
1762537273085061120.000000 -0.356374472 -0.252001941 -0.021418396 -0.463540673 0.515547574 -0.533831298 0.484112442
1762537273618528000.000000 -0.276836395 -0.254923314 -0.021893207 -0.465219408 0.516024590 -0.532526612 0.483430445
1762537274118657536.000000 -0.205429733 -0.257621258 -0.020433431 -0.465874285 0.514161050 -0.533333421 0.483895749
1762537274618774528.000000 -0.134633660 -0.259085774 -0.019951833 -0.464768380 0.513175547 -0.536038339 0.483015776
1762537275118887424.000000 -0.060401317 -0.261002302 -0.019477297 -0.465564728 0.513858438 -0.536565125 0.480933279
1762537275619002624.000000 0.013932528 -0.262064993 -0.019090166 -0.469974816 0.512906849 -0.532014132 0.482712477
1762537275685685248.000000 0.023523284 -0.262580574 -0.018925797 -0.470434904 0.512901425 -0.531795919 0.482510269
1762537276185800960.000000 0.097612336 -0.263030618 -0.021769989 -0.470656157 0.512752295 -0.531382859 0.482907891
1762537276685951488.000000 0.171455026 -0.262820959 -0.022043837 -0.473882437 0.511383832 -0.528694570 0.484153092
1762537277186111232.000000 0.243474245 -0.262432307 -0.021966089 -0.472507030 0.510720909 -0.527617335 0.487361461
1762537277686216704.000000 0.316744804 -0.260215282 -0.022860035 -0.474096209 0.509215951 -0.527259886 0.487779677
1762537278186316800.000000 0.389940798 -0.259316057 -0.024586130 -0.473680377 0.508759260 -0.526702940 0.489259541
1762537278686427648.000000 0.460798144 -0.258553743 -0.024644855 -0.473807216 0.509044111 -0.525800109 0.489811391
1762537279186539264.000000 0.532264054 -0.257689595 -0.025411952 -0.472317398 0.508369327 -0.526801944 0.490873396
1762537279686642688.000000 0.602433562 -0.256163865 -0.025799835 -0.473313719 0.507805884 -0.527175426 0.490095347
1762537280186743808.000000 0.653193831 -0.259246618 -0.025530607 -0.465073735 0.517237484 -0.534716249 0.479844213
1762537280686860288.000000 0.656801462 -0.270126671 -0.025440224 -0.419554025 0.550754666 -0.574175894 0.436996341
1762537281186978816.000000 0.657232463 -0.280593514 -0.024161294 -0.371257544 0.584437311 -0.608573556 0.387606859
1762537281720429824.000000 0.654917359 -0.289343745 -0.022308508 -0.316442043 0.615893304 -0.641089320 0.330975085
1762537282220539904.000000 0.651157141 -0.300417602 -0.019158991 -0.263018668 0.640001416 -0.667171955 0.275864094
1762537282753985792.000000 0.647690237 -0.314415604 -0.019196907 -0.203014523 0.660373211 -0.690264165 0.215006620
1762537283254090496.000000 0.642324030 -0.325154901 -0.019898634 -0.144492865 0.675340712 -0.706290364 0.155533776
1762537283754213376.000000 0.639699876 -0.329952002 -0.019096576 -0.086065091 0.684228837 -0.717941582 0.094782010
1762537284254337024.000000 0.631156862 -0.350037426 -0.017644735 -0.027871784 0.681892157 -0.729927599 0.038104169
1762537284754457344.000000 0.643155158 -0.429529727 -0.018506907 -0.023765108 0.688732922 -0.723950267 0.031277135
1762537285287920384.000000 0.654588163 -0.506172419 -0.019461107 -0.020624440 0.688605726 -0.724269748 0.028814770
1762537285821379840.000000 0.665316761 -0.582833230 -0.018954305 -0.019813333 0.690871477 -0.722196698 0.027129380
1762537286321672192.000000 0.665107250 -0.614960611 -0.018521605 0.008194136 0.689046502 -0.724668443 -0.001848160
1762537286756162560.000000 0.657153904 -0.620304346 -0.016938005 0.057702534 0.690667391 -0.718883753 -0.053434599
1762537289390887424.000000 0.587287903 -0.605092168 -0.015001290 0.343955457 0.600059330 -0.632739246 -0.348230690
1762537289924252416.000000 0.573764205 -0.594492435 -0.015860453 0.394610167 0.567540169 -0.600954652 -0.401291162
1762537290424265216.000000 0.564982355 -0.582960784 -0.015463942 0.440047711 0.533036411 -0.566511273 -0.448659390
1762537291557570560.000000 0.469032615 -0.575031400 -0.013926903 0.487455368 0.490143269 -0.523618221 -0.497966766
1762537292557555200.000000 0.325781614 -0.584265590 -0.014933840 -0.499286562 -0.476490051 0.510748208 0.512646556
1762537293057545216.000000 0.254675418 -0.588374317 -0.014917687 -0.499370635 -0.477081805 0.510554254 0.512207210
1762537293924187136.000000 0.135218307 -0.595579028 -0.013668183 -0.497161269 -0.477876008 0.511987925 0.512185216
1762537294924160256.000000 -0.006862031 -0.605981231 -0.013705317 -0.495601118 -0.480688900 0.511121094 0.511930585
1762537295457475072.000000 -0.081150040 -0.612278283 -0.013287961 -0.493520826 -0.483128637 0.511918187 0.510846078
1762537296424101632.000000 -0.219707295 -0.623854458 -0.011987001 -0.494643718 -0.483085811 0.511110604 0.510609090
1762537296924094208.000000 -0.292064816 -0.626404166 -0.011177988 -0.497203827 -0.482631594 0.509780407 0.509881377
1762537297424080384.000000 -0.364797860 -0.629420340 -0.012615280 -0.498985291 -0.482625723 0.508587658 0.509337544
1762537297890734336.000000 -0.429903924 -0.633141994 -0.012767774 -0.496799082 -0.481089532 0.511850536 0.509659350
1762537298424047104.000000 -0.508263469 -0.637463391 -0.012764337 -0.498456210 -0.481585354 0.510500550 0.508926511
1762537298890698240.000000 -0.576839030 -0.642201662 -0.013289409 -0.498071760 -0.481804430 0.509245932 0.510350525
1762537299390678272.000000 -0.647468746 -0.646194100 -0.012113707 -0.497088492 -0.484385908 0.510365367 0.507740617
1762537299857340672.000000 -0.714319885 -0.646503091 -0.011142758 -0.503837347 -0.474131167 0.503270984 0.517750800
1762537300390659072.000000 -0.790601313 -0.649455726 -0.011001131 -0.504162729 -0.476031601 0.503352761 0.515606344
1762537300923979776.000000 -0.866869330 -0.650575638 -0.012317848 -0.501256883 -0.474414825 0.506611109 0.516737103
1762537301423962624.000000 -0.939221978 -0.651810825 -0.012736757 -0.501827836 -0.474735737 0.506865859 0.515637398
1762537301923950848.000000 -1.012589216 -0.654206812 -0.012353623 -0.501347065 -0.475760251 0.508100629 0.513942659
1762537302390782464.000000 -1.079987884 -0.656493306 -0.011701184 -0.502002060 -0.477514833 0.507154346 0.512609124
1762537302858115584.000000 -1.147714853 -0.660021007 -0.012065643 -0.499597937 -0.477837652 0.509241939 0.512587368
1762537303292094976.000000 -1.209642410 -0.663363516 -0.011860771 -0.500178814 -0.480427772 0.508628666 0.510203183
1762537303725531136.000000 -1.211476922 -0.669984579 -0.010779496 0.471941054 0.505348265 -0.537252069 -0.482964873
1762537304192308736.000000 -1.205173612 -0.679104090 -0.011499860 0.431228727 0.540608406 -0.572957695 -0.439890802
1762537304559066112.000000 -1.198449016 -0.686282992 -0.011278993 0.397027701 0.566742480 -0.598121405 -0.404255986
1762537304892482816.000000 -1.191438198 -0.690975547 -0.011090549 0.364471823 0.587278903 -0.620402932 -0.370626628
1762537305259241216.000000 -1.182864785 -0.697138250 -0.010375831 0.328890532 0.608315825 -0.640938938 -0.333137095
1762537305792712192.000000 -1.169344902 -0.703212559 -0.009885959 0.273381144 0.635234177 -0.667661428 -0.275623977
1762537306292843264.000000 -1.165748954 -0.726582885 -0.008231304 0.214267313 0.654651284 -0.691914141 -0.216277510
1762537306826315776.000000 -1.187596440 -0.799438357 -0.008106558 0.155980721 0.672415912 -0.707088709 -0.153468087
1762537307326446848.000000 -1.194021583 -0.870301366 -0.008196112 0.097924218 0.684991837 -0.715646386 -0.095117822
1762537307859913728.000000 -1.187899828 -0.947731674 -0.008996820 0.034433044 0.693288386 -0.719142914 -0.031607419
1762537308326696704.000000 -1.172148824 -1.016077876 -0.010747453 -0.019748401 0.695690691 -0.717675626 0.023796763
1762537308793476608.000000 -1.149312735 -1.070930958 -0.012230506 -0.074085541 0.697457373 -0.708582282 0.077302761
1762537309293598720.000000 -1.137758970 -1.069762945 -0.019023163 -0.122246347 0.685098469 -0.706392288 0.129251674
1762537309793720064.000000 -1.115510702 -1.089031935 -0.024057502 -0.185916454 0.669063270 -0.692208409 0.196563005
1762537310260500480.000000 -1.067639112 -1.144990921 -0.021030836 -0.239133060 0.651761472 -0.674293518 0.251695603
1762537310760631808.000000 -1.007619977 -1.184114575 -0.021378094 -0.292295307 0.628102958 -0.651811779 0.308531493
1762537311227422464.000000 -0.949537218 -1.209030032 -0.020565268 -0.340009362 0.604731679 -0.625850797 0.356376201
1762537311762066944.000000 -0.882453680 -1.227790356 -0.019818380 -0.391295850 0.571983635 -0.591939986 0.411496371
1762537312330193920.000000 -0.812454700 -1.235354304 -0.019649327 -0.442735791 0.532607198 -0.550147116 0.466532856
1762537312896839168.000000 -0.734059930 -1.225590348 -0.019623954 -0.492185831 0.489307821 -0.503966868 0.514148295
1762537313430431232.000000 -0.667513907 -1.203876853 -0.018980328 -0.534955800 0.444360524 -0.455702871 0.555608511
1762537313931629824.000000 -0.607632279 -1.173344016 -0.020022070 -0.570642233 0.397900343 -0.405932933 0.592672944
1762537314465905408.000000 -0.545523286 -1.139637828 -0.017638959 -0.580367625 0.378366351 -0.386489779 0.608800530
1762537314999080192.000000 -0.480436563 -1.106632352 -0.017279703 -0.577928305 0.374951899 -0.387292951 0.612710476
1762537315565579264.000000 -0.412596256 -1.058502913 -0.018851882 -0.600289941 0.346001327 -0.353603452 0.628410518
1762537316132088064.000000 -0.342889071 -1.011583090 -0.016996933 -0.604994893 0.339977622 -0.343337953 0.632862985
1762537316665281536.000000 -0.285323173 -0.959280372 -0.017354457 -0.618573546 0.316413939 -0.318202794 0.644977570
1762537317231784704.000000 -0.223307282 -0.907887518 -0.016805567 -0.618885219 0.308861673 -0.313350886 0.650689542
1762537317798303744.000000 -0.158640876 -0.852544785 -0.017353728 -0.623013794 0.309282213 -0.309211373 0.648526609
1762537318331474176.000000 -0.098748088 -0.800159752 -0.016439978 -0.623488128 0.308920771 -0.306913257 0.649334133
1762537318898000384.000000 -0.037752349 -0.746640444 -0.017229531 -0.622362196 0.305661380 -0.302257746 0.654122949
1762537319464506368.000000 0.003796195 -0.679207027 -0.016966671 -0.648094058 0.242917076 -0.239055976 0.681041598
1762537320031026944.000000 0.033927113 -0.602370679 -0.019903416 -0.668351591 0.180455670 -0.174433112 0.700225055
1762537320597546752.000000 0.051477864 -0.528734982 -0.022497945 -0.687879741 0.119209632 -0.107577398 0.707840145
1762537321130743296.000000 0.043904644 -0.529403210 -0.023111241 -0.688943923 0.061921302 -0.048664484 0.720523357
1762537321663937792.000000 0.035513580 -0.486131310 -0.016955905 -0.695871472 0.010835400 0.005664508 0.718062341
1762537322197113856.000000 0.034387939 -0.404629409 -0.015550055 -0.694152594 0.016011007 0.002275718 0.719646275
1762537322763641600.000000 0.039236885 -0.315884948 -0.017058799 -0.698439598 0.034804408 -0.018182540 0.714590967
1762537323330151680.000000 0.040851951 -0.236087292 -0.014959459 -0.698065281 0.030380867 -0.013367668 0.715264440
1762537323896689920.000000 0.041119665 -0.156753883 -0.014483880 -0.696476161 0.025757039 -0.009007802 0.717060983
1762537324429879552.000000 0.039019719 -0.080313683 -0.013983453 -0.694500327 0.022727620 -0.007378303 0.719095528
1762537325029713408.000000 0.037842155 0.007462852 -0.014435532 -0.693612337 0.019855330 -0.003973085 0.720063865
1762537325562888448.000000 0.036254913 0.050634407 -0.014985375 -0.695297599 0.019018859 -0.004567695 0.718455791
1762537326096056832.000000 0.034135964 0.048813820 -0.014794188 -0.693870604 0.008888828 0.007811605 0.720002472
1762537327729514240.000000 0.033092719 0.048280623 -0.014917931 -0.694027841 0.004218976 0.012421134 0.719828665
1762537330398406400.000000 0.032941535 0.048252482 -0.014892953 -0.694011390 0.004250586 0.012381139 0.719844997
1762537332499202048.000000 0.033063862 0.048137702 -0.014910747 -0.694041193 0.004248919 0.012421064 0.719815612
1762537335168201472.000000 0.033079073 0.048338626 -0.014927224 -0.694067180 0.004336411 0.012433102 0.719789922
1762537335701536768.000000 0.033217479 0.048399396 -0.014921201 -0.694106817 0.004336779 0.012521967 0.719750047
1762537336234864640.000000 0.033150636 0.048324510 -0.014910391 -0.694049597 0.004288265 0.012491765 0.719806135
1762537336801528576.000000 0.032994729 0.048059858 -0.014899148 -0.694058836 0.004377668 0.012433631 0.719797611
1762537337334848768.000000 0.033078372 0.048292916 -0.014915405 -0.694080472 0.004317287 0.012413434 0.719777465
1762537337834856192.000000 0.033056919 0.048461381 -0.015021584 -0.694032848 0.004225987 0.012360775 0.719824910
1762537338434853888.000000 0.032915182 0.048125245 -0.014921729 -0.694070101 0.004264869 0.012320873 0.719789445
1762537338934863104.000000 0.032991435 0.048115849 -0.014920618 -0.694045246 0.004335718 0.012397477 0.719811618
1762537339501528064.000000 0.033084720 0.048299041 -0.014929447 -0.694061339 0.004332643 0.012419919 0.719795763
1762537340068186368.000000 0.032990869 0.048067331 -0.014921962 -0.694059074 0.004268214 0.012357153 0.719799399
1762537340601518592.000000 0.033085328 0.048238114 -0.014921062 -0.694094956 0.004387648 0.012429251 0.719762802
1762537341168192512.000000 0.032939110 0.047896944 -0.014962141 -0.693941355 0.004339230 0.012425041 0.719911277
1762537341701526528.000000 0.033088416 0.048267517 -0.014953765 -0.694049954 0.004385647 0.012473644 0.719805479
1762537342268180736.000000 0.033005733 0.048056405 -0.014886812 -0.694061041 0.004514014 0.012457320 0.719794273
1762537342801518848.000000 0.032959282 0.048097238 -0.014948364 -0.694031477 0.004425190 0.012407319 0.719824195
1762537343368180736.000000 0.033079259 0.048348874 -0.014945984 -0.694034219 0.004428136 0.012388060 0.719821870
1762537343868198912.000000 0.033024263 0.048133750 -0.014934778 -0.694035530 0.004341391 0.012336145 0.719821990
1762537344434869248.000000 0.032974314 0.048008449 -0.014932342 -0.694000244 0.004277019 0.012407819 0.719855189
1762537345034852352.000000 0.032976896 0.048063938 -0.014907734 -0.694060981 0.004376312 0.012359304 0.719796836
1762537345568169216.000000 0.033183370 0.048231028 -0.014892423 -0.694073319 0.004304261 0.012509141 0.719782829
1762537346101491200.000000 0.032990038 0.048150651 -0.014813186 -0.694099128 0.004380287 0.012439717 0.719758630
1762537346634817792.000000 0.033071846 0.048167355 -0.014892959 -0.694063902 0.004259053 0.012420718 0.719793677
