1756585667525528320.000000 -0.003915225 -0.015496053 0.019945130 -0.710413694 0.014206386 -0.007490850 0.703601122
1756585667825599232.000000 -0.003359084 0.016113617 0.018135771 -0.719892144 0.013375211 -0.007240920 0.693919301
1756585669192593920.000000 -0.002317918 0.090887882 0.018698046 -0.717005670 0.015043208 -0.008762074 0.696850002
1756585669759388160.000000 -0.001160298 0.145557702 0.018041469 -0.715865374 0.013808055 -0.007127929 0.698065460
1756585670026203136.000000 -0.000629072 0.169863075 0.018744152 -0.713385940 0.013620576 -0.006717059 0.700606883
1756585670259746304.000000 0.000584281 0.194097042 0.019477857 -0.713277400 0.019500570 -0.011921965 0.700509131
1756585670359838720.000000 0.005154219 0.205926761 0.018802766 -0.713468254 0.035831228 -0.028634559 0.699184716
1756585670493297152.000000 0.010683974 0.219723478 0.019150592 -0.711978853 0.051978819 -0.044451278 0.698862314
1756585670726853632.000000 0.021798911 0.244813427 0.019475184 -0.709512234 0.080674462 -0.072601050 0.696285307
1756585670860317696.000000 0.028251261 0.257432014 0.019594835 -0.707310200 0.091067716 -0.082906768 0.696092963
1756585671360432896.000000 0.038588319 0.305639803 0.019514773 -0.708845615 0.086354397 -0.078196146 0.695676863
1756585671693822720.000000 0.046124570 0.338013589 0.019299392 -0.710125446 0.086423822 -0.078836754 0.694289267
1756585671860517376.000000 0.050118059 0.354653001 0.019549418 -0.709134400 0.092738211 -0.085268676 0.693727076
1756585672093888256.000000 0.064692609 0.377211064 0.019605989 -0.704236865 0.124400914 -0.115628205 0.689351141
1756585672293920512.000000 0.077921502 0.396741718 0.019388154 -0.699610174 0.148738846 -0.138918847 0.684926331
1756585672460612352.000000 0.089466356 0.412004203 0.018906400 -0.695042968 0.168136343 -0.158899352 0.680732369
1756585672660643328.000000 0.103547305 0.428026795 0.018904936 -0.689333677 0.184057325 -0.175056770 0.678452015
1756585672994030592.000000 0.117714874 0.456661463 0.018568430 -0.691979527 0.179131046 -0.170209631 0.678310513
1756585673260745984.000000 0.129796743 0.479171753 0.019337099 -0.689999700 0.184698850 -0.177480265 0.676969409
1756585673460781056.000000 0.147428855 0.494279563 0.019591896 -0.681614757 0.210683167 -0.202023372 0.670969844
1756585673627477504.000000 0.162374094 0.507167697 0.019524202 -0.675629675 0.229602158 -0.221177757 0.664746404
1756585673827511040.000000 0.179812849 0.520037711 0.020278903 -0.666192710 0.251576573 -0.243687406 0.658417046
1756585674027545344.000000 0.198917955 0.532872736 0.020459265 -0.657407105 0.273637593 -0.264871061 0.650216639
1756585674260916480.000000 0.223134175 0.546621501 0.020535246 -0.646762967 0.300251424 -0.289991289 0.638319612
1756585674460948992.000000 0.242805943 0.555778265 0.021227680 -0.638210535 0.316160977 -0.306016654 0.631730556
1756585674861010432.000000 0.272348553 0.580242276 0.021139130 -0.640856445 0.312608600 -0.302078873 0.632714272
1756585675061041920.000000 0.288319260 0.592224360 0.021331552 -0.636482537 0.316848725 -0.307482809 0.632416904
1756585675494439680.000000 0.336452365 0.607960343 0.021659059 -0.609666467 0.367659122 -0.356819063 0.604825377
1756585675694467072.000000 0.359130114 0.613286853 0.021379948 -0.597178578 0.388232350 -0.376541257 0.592342973
1756585676194547968.000000 0.400804669 0.633230984 0.021940395 -0.595821559 0.385502040 -0.375705779 0.596011698
1756585676527940096.000000 0.431836963 0.647694170 0.021801118 -0.597038269 0.387012422 -0.374498725 0.594573379
1756585676961347584.000000 0.470985502 0.665405452 0.021814836 -0.598097384 0.387135297 -0.371858954 0.595085502
1756585677261398528.000000 0.498078555 0.677359939 0.021776428 -0.598132849 0.387335598 -0.371025860 0.595439494
1756585677461430016.000000 0.520741940 0.682243347 0.021819452 -0.586014628 0.406456172 -0.388581663 0.583424807
1756585677694801152.000000 0.546740294 0.685074449 0.021926664 -0.567966402 0.430076957 -0.413111091 0.567263007
1756585677961509120.000000 0.574278653 0.690222979 0.022084961 -0.562729120 0.438522547 -0.421226442 0.560001969
1756585678428255232.000000 0.615633428 0.702520132 0.022918595 -0.561237335 0.436625034 -0.422808588 0.561786652
1756585678794981632.000000 0.650513232 0.713270009 0.022745481 -0.561682582 0.436379850 -0.423422605 0.561069131
1756585679028357376.000000 0.676596999 0.717249215 0.021961205 -0.552241206 0.449884325 -0.437367231 0.548947811
1756585679228395264.000000 0.697305202 0.715552568 0.022488957 -0.536693394 0.465685397 -0.454104602 0.537481546
1756585679728490240.000000 0.744621873 0.724668086 0.022719625 -0.538286567 0.464196444 -0.451459825 0.539400876
1756585680128566784.000000 0.783525944 0.731642723 0.022886973 -0.539264083 0.464381963 -0.449689388 0.539743602
1756585680628662272.000000 0.831392527 0.740199804 0.023199890 -0.539118528 0.464011729 -0.449204952 0.540610194
1756585681062413568.000000 0.874370515 0.747431099 0.023587469 -0.535406709 0.468246788 -0.454605818 0.536113977
1756585681296361472.000000 0.898234248 0.748485088 0.023621218 -0.532221198 0.473268360 -0.457518101 0.532386065
1756585681797758976.000000 0.947272003 0.756520331 0.023331884 -0.531882823 0.473376065 -0.458551288 0.531739235
1756585682098119168.000000 0.975770295 0.760126114 0.023794957 -0.531410336 0.474931061 -0.459058583 0.530385613
1756585682631424768.000000 1.028241396 0.768683791 0.023403328 -0.533750176 0.474398375 -0.458645105 0.528868318
1756585683164721408.000000 1.078336835 0.776117682 0.023634955 -0.533094525 0.472905457 -0.458512306 0.530977607
1756585683564689152.000000 1.117864728 0.781969547 0.022908602 -0.533145189 0.473075122 -0.457916677 0.531289518
1756585684064644864.000000 1.167084813 0.788797855 0.021316072 -0.527703524 0.477264524 -0.464716822 0.527053952
1756585684397959168.000000 1.204336524 0.780833125 0.023447413 0.498282373 -0.509329855 0.494990557 -0.497274727
1756585684797926912.000000 1.243777275 0.774536133 0.024832647 0.482029825 -0.523479939 0.510413349 -0.482798189
1756585685331218432.000000 1.297688603 0.773064375 0.024275048 0.484563142 -0.524094880 0.507828355 -0.482320935
1756585685864494848.000000 1.348916292 0.771307945 0.024399130 0.483871818 -0.523235559 0.508712769 -0.483015418
1756585685964499968.000000 1.357841372 0.771276116 0.024931548 0.483479440 -0.522863686 0.509163201 -0.483336478
1756585686464656384.000000 1.408190489 0.770419717 0.024601193 0.485756457 -0.523351490 0.508172572 -0.481564730
1756585686964813312.000000 1.457250237 0.767136276 0.024577089 0.485436231 -0.524325788 0.507678986 -0.481348336
1756585687198144256.000000 1.480801702 0.764562607 0.025212497 0.475071639 -0.532422245 0.517453134 -0.472308993
1756585687498137600.000000 1.513385057 0.751139998 0.025394965 0.447823822 -0.556950748 0.540062606 -0.444513351
1756585687864787456.000000 1.548432827 0.731667101 0.026784323 0.412025660 -0.583689213 0.565975547 -0.411355674
1756585688098116352.000000 1.571883082 0.715773702 0.026687190 0.391030371 -0.600883484 0.579135537 -0.388119042
1756585688331446784.000000 1.589523554 0.708118439 0.027362594 0.390578657 -0.597923934 0.579863310 -0.392038137
1756585688831427328.000000 1.636368155 0.686773360 0.027342089 0.377489835 -0.608803570 0.587004542 -0.377207190
1756585689064759808.000000 1.654866457 0.669706464 0.028148051 0.352391869 -0.622436047 0.602237940 -0.354545861
1756585689398099456.000000 1.678793550 0.643879890 0.028581729 0.317312419 -0.639702380 0.621476531 -0.322274238
1756585689631434496.000000 1.695034981 0.622738242 0.028323893 0.291823298 -0.652270198 0.633397162 -0.296969295
1756585689864765184.000000 1.709123731 0.600539088 0.028059868 0.264931977 -0.662472606 0.645585835 -0.272323400
1756585690064766464.000000 1.720445633 0.579630792 0.027508523 0.242553517 -0.671727836 0.653888464 -0.249758691
1756585690298099200.000000 1.734162688 0.561063707 0.027826376 0.241106167 -0.672655106 0.653727651 -0.249084488
1756585690664759808.000000 1.756232142 0.533729315 0.028139766 0.233689338 -0.673489809 0.658203185 -0.242011234
1756585690931418112.000000 1.767789483 0.503352940 0.027280744 0.200876936 -0.685154319 0.668201387 -0.209090993
1756585691131419136.000000 1.775273085 0.480732769 0.026927583 0.178150281 -0.692415953 0.673850417 -0.186409131
1756585691331418880.000000 1.780324578 0.459070832 0.027355159 0.154750586 -0.696906984 0.680397034 -0.165628508
1756585691531415040.000000 1.785023332 0.435353518 0.027317807 0.130738497 -0.703136981 0.684527814 -0.141165137
1756585691731409664.000000 1.787562609 0.412945688 0.028103283 0.106382817 -0.706097305 0.690173030 -0.117347963
1756585691931402496.000000 1.788460612 0.389797866 0.028190587 0.082468987 -0.709762990 0.693149269 -0.094760329
1756585692131400192.000000 1.787988305 0.365335763 0.027922506 0.057627112 -0.712819755 0.695487976 -0.069740266
1756585692331396608.000000 1.785482287 0.342405707 0.028042492 0.032968342 -0.713910162 0.697965503 -0.045711678
1756585692531389184.000000 1.781291842 0.318971097 0.027951382 0.008682029 -0.714172125 0.699550688 -0.022619102
1756585693998029056.000000 1.709172368 0.166135505 0.028010853 -0.168080181 -0.693266749 0.684308410 0.151169688
1756585696731383040.000000 1.448334575 0.022127803 0.026396723 -0.413369775 -0.582751155 0.578538418 0.393471718
1756585699533314560.000000 1.192530870 -0.072576135 0.026348844 -0.421286047 -0.577226698 0.572791636 0.401543558
1756585702133931776.000000 0.945982814 -0.133281961 0.025174592 -0.458953291 -0.547280192 0.544701159 0.439484924
1756585704767816192.000000 0.698718071 -0.181667924 0.024510661 -0.458912224 -0.550318539 0.546886265 0.432971567
1756585707368380160.000000 0.453850478 -0.231040508 0.023681598 -0.457547754 -0.549879730 0.546817303 0.435055345
1756585707768465408.000000 0.416280478 -0.238283470 0.023995399 -0.458025366 -0.550776124 0.545933187 0.434529096
1756585710635764992.000000 0.137688503 -0.270519823 0.020385385 -0.516631961 -0.495402366 0.490931362 0.496643066
1756585711602676992.000000 0.041059867 -0.230348796 0.018049896 -0.584002256 -0.409906715 0.410476744 0.567826211
1756585714203354368.000000 -0.018188238 -0.109319374 0.019861868 -0.704367161 -0.137515888 0.141771883 0.681804299
1756585714703522816.000000 -0.005692926 -0.097087078 0.018781256 -0.712518334 -0.077426136 0.083262816 0.692380071
1756585717104123136.000000 -0.010476584 -0.044498503 0.018487051 -0.712662995 -0.068219908 0.073765233 0.694273889
1756585719671486208.000000 -0.033952184 -0.022998694 0.018135231 -0.708004534 -0.113972194 0.118639149 0.686778545
1756585721738665728.000000 -0.008078691 -0.004877770 0.019244863 -0.715914309 0.004517312 0.001860116 0.698171079
1756585722238770432.000000 -0.001799447 -0.002620678 0.018968854 -0.714877546 0.029012112 -0.021602096 0.698313534
1756585722738875904.000000 -0.002253307 -0.003386316 0.019471586 -0.714588702 0.027280100 -0.019827267 0.698731601
1756585723238993152.000000 -0.002281962 -0.003093391 0.019337649 -0.714596987 0.027236644 -0.019858763 0.698723793
1756585723739119360.000000 -0.004596729 -0.003725873 0.018856004 -0.715160728 0.019066082 -0.012005473 0.698596895
1756585724239245056.000000 -0.004340645 -0.003856604 0.018750336 -0.715039194 0.019039536 -0.011866787 0.698724270
1756585724739370496.000000 -0.004295181 -0.004052497 0.018954370 -0.715112031 0.019078441 -0.011844768 0.698649168
1756585725239484416.000000 -0.004327155 -0.004019211 0.019045249 -0.715129614 0.019072944 -0.011790063 0.698632181
1756585725739587584.000000 -0.003803833 -0.004872045 0.018574784 -0.713707983 0.018470803 -0.011547619 0.700104594
1756585726273050112.000000 -0.004517467 0.002081946 0.018934801 -0.715276837 0.017185371 -0.010549518 0.698550284
1756585726773182464.000000 -0.004613192 0.002289148 0.018469825 -0.715250969 0.017289678 -0.010586957 0.698573589
1756585727273299712.000000 -0.004559847 0.002286423 0.018588893 -0.715259910 0.017322063 -0.010615847 0.698563218
1756585727773408000.000000 -0.004599110 0.002247395 0.018664390 -0.715268552 0.017273607 -0.010639228 0.698555231
1756585728306854144.000000 -0.004470534 0.002323482 0.018608972 -0.715249896 0.017278742 -0.010547793 0.698575556
1756585728806958080.000000 -0.004330751 0.002184892 0.018571362 -0.715213835 0.017320691 -0.010448856 0.698612869
1756585729307051776.000000 -0.004429381 0.002209725 0.018765491 -0.715294361 0.017295588 -0.010533306 0.698529840
1756585729840480256.000000 -0.004417104 0.002289338 0.018528275 -0.715231955 0.017290791 -0.010553789 0.698593557
1756585730373926400.000000 -0.004362689 0.002286984 0.018764913 -0.715283036 0.017350571 -0.010513308 0.698540449
1756585730874037504.000000 -0.004385856 0.002207592 0.018807456 -0.715319455 0.017344918 -0.010508080 0.698503256
1756585731374150656.000000 -0.004348746 0.002290741 0.018508028 -0.715199471 0.017366631 -0.010469631 0.698626220
1756585731907603456.000000 -0.004360499 0.002352921 0.018521203 -0.715222538 0.017336017 -0.010471126 0.698603272
1756585732441040384.000000 -0.004474992 0.002237340 0.018763024 -0.715290308 0.017388422 -0.010534554 0.698531687
1756585732974475776.000000 -0.004545231 0.002341095 0.018626630 -0.715252042 0.017391872 -0.010606131 0.698569715
1756585733474589952.000000 -0.004346402 0.002324434 0.018680915 -0.715268850 0.017344076 -0.010492636 0.698555350
1756585734008045568.000000 -0.004363536 0.002246825 0.018556397 -0.715220988 0.017390424 -0.010475686 0.698603511
1756585734541511936.000000 -0.004534641 0.002247857 0.018610835 -0.715206504 0.017407609 -0.010590579 0.698616087
1756585735074977280.000000 -0.004339184 0.002181064 0.018684283 -0.715242147 0.017343521 -0.010501815 0.698582590
1756585735575096576.000000 -0.004243275 0.002339197 0.018642725 -0.715269268 0.017360633 -0.010409714 0.698555768
1756585736075223808.000000 -0.004463103 0.002228912 0.018640285 -0.715226233 0.017375192 -0.010524014 0.698597789
1756585736575375616.000000 -0.004406968 0.002275521 0.018726982 -0.715275109 0.017361797 -0.010528810 0.698548019
1756585737108861696.000000 -0.004346149 0.002228318 0.018687405 -0.715230882 0.017351048 -0.010534842 0.698593438
1756585737642319872.000000 -0.004471730 0.002264105 0.018785406 -0.715291619 0.017373608 -0.010574528 0.698530078
1756585738175795456.000000 -0.004368740 0.002296679 0.018620115 -0.715220273 0.017359642 -0.010502638 0.698604524
1756585738675955456.000000 -0.004401873 0.002372449 0.018587936 -0.715226531 0.017389739 -0.010532632 0.698597014
1756585739176095744.000000 -0.004359953 0.002272837 0.018848861 -0.715305507 0.017388137 -0.010500198 0.698516607
1756585739676210688.000000 -0.004476804 0.002311150 0.018793816 -0.715306997 0.017349776 -0.010602028 0.698514462
1756585740176334592.000000 -0.004327641 0.002219904 0.018652705 -0.715227723 0.017378392 -0.010459651 0.698597193
1756585740676470272.000000 -0.004435253 0.002255078 0.018703073 -0.715245605 0.017487166 -0.010484617 0.698575795
1756585741176593408.000000 -0.004169894 0.002275543 0.018659223 -0.715220392 0.017411619 -0.010358799 0.698605359
1756585741710039552.000000 -0.004373165 0.002118299 0.018692896 -0.715217590 0.017453676 -0.010468047 0.698605478
1756585742244165120.000000 -0.004331234 0.002182463 0.018697534 -0.715239704 0.017433310 -0.010439876 0.698583841
1756585742745585920.000000 -0.004209793 0.002001688 0.018756442 -0.715229690 0.017428866 -0.010418356 0.698594511
1756585743246255872.000000 -0.004346989 0.002150541 0.018596279 -0.715189576 0.017508907 -0.010433232 0.698633313
1756585743812911616.000000 -0.004429495 0.002134020 0.018991243 -0.715374470 0.017391786 -0.010561183 0.698445022
1756585746679491328.000000 -0.009112574 0.001241971 0.018274045 -0.715577364 -0.000218449 0.006400881 0.698504210
1756585748312804352.000000 -0.009179847 0.001184972 0.018318128 -0.715574443 -0.000289745 0.006336685 0.698507667
1756585750512773376.000000 -0.009107519 0.001204839 0.018172609 -0.715528071 -0.000375229 0.006394279 0.698554635
1756585753279415552.000000 -0.009248693 0.001341552 0.018241327 -0.715598464 -0.000246274 0.006350751 0.698482990
1756585756079414272.000000 -0.010822996 0.055795025 0.018739361 -0.715086043 -0.002487375 0.009798241 0.698963404
1756585758747198464.000000 -0.016955458 0.320230246 0.019019902 -0.715765774 -0.001249224 0.007562352 0.698298454
1756585760314578176.000000 0.000737691 0.480512857 0.017924633 -0.714290082 0.063328877 -0.054545030 0.694840968
1756585760814695680.000000 0.027504323 0.527621031 0.019317659 -0.704474449 0.121792115 -0.112785660 0.690044880
1756585761314807552.000000 0.063180678 0.571794569 0.019436259 -0.690961123 0.179047793 -0.169258326 0.679607451
1756585761848258048.000000 0.107150272 0.613727689 0.020151993 -0.672250032 0.240032643 -0.228557393 0.661986232
1756585762348369408.000000 0.139343023 0.651288867 0.020696482 -0.672473192 0.244451299 -0.232517794 0.658755600
1756585762848480768.000000 0.182796642 0.685460031 0.020699900 -0.656639755 0.286009520 -0.272362828 0.642527223
1756585763348600576.000000 0.224722952 0.714339972 0.020108130 -0.643623412 0.307899594 -0.297621876 0.634324908
1756585763848723712.000000 0.270006478 0.740884304 0.021333609 -0.628476679 0.336112142 -0.327142715 0.620502591
1756585764348845568.000000 0.323210478 0.756413579 0.021455141 -0.598481357 0.383649319 -0.376616001 0.593964458
1756585764848967424.000000 0.365985662 0.777914107 0.021585964 -0.600223303 0.380174249 -0.371818781 0.597453237
1756585765349081600.000000 0.410623908 0.798750460 0.022396037 -0.601056516 0.381729603 -0.370539665 0.596417606
1756585765882534912.000000 0.457890034 0.821762443 0.021991577 -0.602443755 0.381673306 -0.368240476 0.596477926
1756585766382644480.000000 0.503398716 0.843640804 0.022358429 -0.603569508 0.383893281 -0.367071897 0.594632626
1756585766882752768.000000 0.549390972 0.866777837 0.021327907 -0.606485486 0.384964466 -0.364666134 0.592449486
1756585767416204032.000000 0.595143855 0.889630914 0.021831593 -0.605608582 0.384699345 -0.365715504 0.592871726
1756585767916314368.000000 0.635321558 0.910249114 0.022644378 -0.601539373 0.381606400 -0.367925912 0.597626567
1756585768416431616.000000 0.679301858 0.933105052 0.023324236 -0.602697432 0.381534010 -0.367223829 0.596937418
1756585768916551168.000000 0.723185420 0.955336928 0.023431160 -0.601782322 0.381952703 -0.367842346 0.597211957
1756585769416657152.000000 0.766267538 0.977413654 0.023948714 -0.601576209 0.381565839 -0.368192732 0.597450972
1756585769916760064.000000 0.810613573 0.999540210 0.023686137 -0.601566017 0.382208049 -0.368862152 0.596637309
1756585770416881408.000000 0.854082942 1.021602392 0.022839908 -0.600968599 0.380362600 -0.369258374 0.598171651
1756585770917006336.000000 0.903028548 1.042832255 0.022349775 -0.594411492 0.392957985 -0.379695594 0.589991748
1756585771417115392.000000 0.945721805 1.062611461 0.023209915 -0.593601108 0.392087966 -0.380570680 0.590822041
1756585771917220608.000000 0.990044057 1.081766009 0.023397828 -0.593750834 0.391488850 -0.379960179 0.591461599
1756585772417322240.000000 1.045685172 1.092209101 0.024229109 -0.562929809 0.435569406 -0.422294050 0.561299384
1756585772917423360.000000 1.097732306 1.103812575 0.023694931 -0.559827268 0.444722652 -0.426461369 0.554027081
1756585773417537536.000000 1.144020677 1.118259668 0.025050990 -0.557625055 0.445249259 -0.428903431 0.553939819
1756585773917652992.000000 1.199874520 1.116707444 0.024678886 -0.528347433 0.482302696 -0.463981420 0.522450507
1756585774451121408.000000 1.248012185 1.124489784 0.025334805 -0.526046157 0.481919229 -0.467341691 0.522131324
1756585774951250688.000000 1.303050160 1.111455441 0.025208453 0.483760417 -0.524456203 0.508751214 -0.481761098
1756585775451555328.000000 1.352338195 1.111144900 0.024164751 0.486833245 -0.523041725 0.505697370 -0.483416021
1756585775951906560.000000 1.400413513 1.109608769 0.024197038 0.486567378 -0.523095489 0.505184948 -0.484160691
1756585776452044032.000000 1.447982788 1.107295036 0.023992397 0.486261517 -0.522130132 0.505593121 -0.485083073
1756585776952146176.000000 1.496914268 1.107519269 0.023868067 0.485740453 -0.522085845 0.505946159 -0.485284626
1756585777452250624.000000 1.544521332 1.106127262 0.021852111 0.486208320 -0.519602537 0.506603539 -0.486793160
1756585777985694464.000000 1.596536398 1.104488969 0.022566654 0.485521883 -0.520364463 0.506605148 -0.486662716
1756585778485785600.000000 1.646952152 1.103766561 0.021669095 0.487394571 -0.521545470 0.504770875 -0.485431015
1756585779019211776.000000 1.699393153 1.102047086 0.021848833 0.486769289 -0.521547019 0.505126238 -0.485687107
1756585779519314432.000000 1.747634411 1.101125360 0.020690545 0.485214770 -0.521048009 0.507341444 -0.485469103
1756585779952735488.000000 1.791710377 1.098839760 0.020492505 0.486904263 -0.521951079 0.505020678 -0.485227317
1756585780419494400.000000 1.835943222 1.099037647 0.021963010 0.485077739 -0.521204412 0.507774532 -0.484985024
1756585780919592960.000000 1.883409381 1.097603440 0.022469221 0.484038860 -0.519877136 0.508211792 -0.486985594
1756585781353772800.000000 1.927508950 1.096317053 0.022331743 0.485580623 -0.521820962 0.506394267 -0.485261917
1756585781855168768.000000 1.976950288 1.094502568 0.021389563 0.484024614 -0.522177935 0.507283330 -0.485503793
1756585782255708672.000000 2.016525984 1.093335390 0.022749729 0.485335976 -0.522636116 0.505577445 -0.485481232
1756585782822351872.000000 2.070686102 1.092150331 0.024305867 0.484166354 -0.521809161 0.507125378 -0.485923916
1756585783356397312.000000 2.120034933 1.091568351 0.025493421 0.482592076 -0.519840956 0.509296119 -0.487327278
1756585783824253952.000000 2.166136265 1.089637399 0.025605531 0.481180400 -0.519360542 0.510830998 -0.487628847
1756585784224843776.000000 2.206814528 1.088504672 0.026777914 0.481825799 -0.521427095 0.510025918 -0.485624701
1756585784624741888.000000 2.244685411 1.086554170 0.027743278 0.482209444 -0.520012915 0.509673834 -0.487127632
1756585785024620032.000000 2.281600237 1.085166097 0.028964454 0.482881039 -0.525985539 0.508757472 -0.480968773
1756585785491149824.000000 2.284676790 1.071754813 0.030785989 0.440045148 -0.560425162 0.544493914 -0.442504615
1756585785957652224.000000 2.287026644 1.057237267 0.029819004 0.393249154 -0.592416286 0.578296959 -0.399963498
1756585786390852096.000000 2.287598848 1.045262933 0.029738536 0.350107104 -0.619796216 0.604936779 -0.356832296
1756585786757398016.000000 2.286123037 1.034642935 0.028867686 0.310344130 -0.640766561 0.625136554 -0.319858015
1756585787123937024.000000 2.282682896 1.022609591 0.029363479 0.269820124 -0.658612847 0.643763065 -0.281061262
1756585787490508544.000000 2.279111385 1.010119438 0.030098051 0.224016473 -0.670173943 0.665399134 -0.240681306
1756585788023671040.000000 2.299402952 0.955009580 0.029733295 0.167380750 -0.696368992 0.674929202 -0.177551687
1756585788390225408.000000 2.290302038 0.950805843 0.030731795 0.127949551 -0.700515389 0.687427104 -0.142657623
1756585788723441408.000000 2.282855272 0.943016469 0.030737467 0.088405326 -0.706793129 0.694012344 -0.104761206
1756585789056641792.000000 2.278382301 0.915053666 0.031863771 0.045791008 -0.712430835 0.697350323 -0.063624606
1756585789456524288.000000 2.272428989 0.882554471 0.032661110 0.002054899 -0.715012968 0.698803246 -0.020645378
1756585790689453824.000000 2.236453056 0.875572264 0.034779817 -0.140986487 -0.701023161 0.688701868 0.119912773
1756585791155981568.000000 2.221573830 0.876520634 0.035994165 -0.194832444 -0.688804984 0.676445186 0.173233822
1756585791689272576.000000 2.203900576 0.879791200 0.036787376 -0.255093873 -0.671225309 0.656427622 0.231271699
1756585792022572288.000000 2.193304300 0.884373844 0.037385285 -0.292528421 -0.656480014 0.641665280 0.267818540
1756585792289180928.000000 2.186023712 0.887760580 0.036980893 -0.320455015 -0.642615914 0.629948258 0.295835495
1756585795288332288.000000 1.980579138 0.902320266 0.034394018 -0.488300920 -0.525784612 0.518599749 0.464937836
1756585798022420480.000000 1.722454309 0.882335842 0.030457132 -0.487573266 -0.523220360 0.517979443 0.469265491
1756585800790875392.000000 1.457115054 0.865469694 0.031178135 -0.489859194 -0.522982180 0.517298937 0.467899054
1756585803491503360.000000 1.195293903 0.866742313 0.031895999 -0.509602964 -0.503203452 0.500202179 0.486712456
1756585806358859008.000000 0.925031126 0.856023312 0.029784549 -0.493491173 -0.518520713 0.514155328 0.472490370
1756585809326210048.000000 0.633493066 0.842443228 0.022668667 -0.498265684 -0.519127429 0.510085881 0.471222281
1756585812293549056.000000 0.342918038 0.832562089 0.022199472 -0.510000050 -0.509109855 0.499299616 0.481047988
1756585814861025792.000000 0.096708477 0.826496720 0.020033365 -0.506218910 -0.509350359 0.500427485 0.483608246
1756585817761622784.000000 -0.189698026 0.821296751 0.016428668 -0.506245077 -0.510778844 0.497744948 0.484841079
1756585818295058432.000000 -0.243332610 0.820349097 0.015183120 -0.506092787 -0.511090577 0.498440087 0.483956754
1756585819762034944.000000 -0.346252441 0.810189664 0.015731305 -0.470079660 -0.540107727 0.534245074 0.449322820
1756585820895581696.000000 -0.386650950 0.752835810 0.015641481 -0.355377257 -0.619123638 0.613298953 0.338019907
1756585823496138496.000000 -0.355755717 0.676275253 0.015430083 -0.070022769 -0.711572289 0.696482420 0.060613867
1756585824496335872.000000 -0.325286120 0.688867867 0.013855966 0.049539957 -0.715239644 0.695078850 -0.053324919
1756585824796393728.000000 -0.318555385 0.694293320 0.012251254 0.085566990 -0.711264908 0.692078710 -0.088360205
1756585825096451072.000000 -0.313356489 0.700218916 0.011453692 0.120411448 -0.706126451 0.687057912 -0.121810935
1756585825363181824.000000 -0.313703865 0.706773818 0.011952646 0.151291952 -0.700362146 0.680762887 -0.152202591
1756585825463206656.000000 -0.316312164 0.708744943 0.012591721 0.163425297 -0.698093414 0.677687824 -0.163392350
1756585825629914368.000000 -0.318559051 0.714081228 0.013111193 0.183451593 -0.693193316 0.672654927 -0.182657912
1756585825729938944.000000 -0.321765870 0.716389894 0.013958639 0.195479482 -0.689475179 0.669553936 -0.195216030
1756585825863304192.000000 -0.324718863 0.721262991 0.014923025 0.211000293 -0.684972942 0.665124059 -0.209525585
1756585825963329024.000000 -0.328554004 0.723524630 0.015057420 0.222613096 -0.681078374 0.661610723 -0.221013442
1756585826030012160.000000 -0.333676338 0.724878371 0.015538655 0.230219483 -0.678194404 0.659287214 -0.228892550
1756585826230052608.000000 -0.335865945 0.731812298 0.017147250 0.251676321 -0.670862675 0.651233256 -0.249995291
1756585826296732416.000000 -0.340638548 0.733361900 0.017673956 0.258973837 -0.668059051 0.648227453 -0.257741749
1756585826363411968.000000 -0.344941258 0.734527111 0.018294675 0.266016096 -0.665107667 0.645311356 -0.265406281
1756585826496770816.000000 -0.346947491 0.738068998 0.020056160 0.280195266 -0.651262581 0.645124972 -0.284888417
1756585826563450112.000000 -0.347953200 0.736409903 0.022099726 0.287712991 -0.646218896 0.643066943 -0.293406367
1756585826630129408.000000 -0.345126033 0.731119573 0.022226473 0.297270685 -0.647057354 0.635000229 -0.299535692
1756585826696807680.000000 -0.339664757 0.724165559 0.020648168 0.308424652 -0.650760412 0.624326289 -0.302657932
1756585826796826368.000000 -0.337236941 0.722359776 0.021611212 0.319163084 -0.640888155 0.621906281 -0.317222118
1756585826863505664.000000 -0.339992434 0.720744908 0.022937782 0.323253065 -0.635501504 0.620955706 -0.325667739
1756585826930184704.000000 -0.340307087 0.718283355 0.024098061 0.329182744 -0.631642759 0.618220866 -0.332369119
1756585827096882432.000000 -0.324069202 0.712357581 0.022964528 0.348120868 -0.626485527 0.605296254 -0.346329600
1756585827263588608.000000 -0.316333443 0.709447682 0.024130536 0.363435477 -0.614292979 0.597613633 -0.365262657
1756585827463636480.000000 -0.300896823 0.705429137 0.024271406 0.384850264 -0.602732837 0.583656371 -0.384641021
1756585827597000960.000000 -0.290333152 0.704530478 0.024520054 0.398376167 -0.593272626 0.574835360 -0.398608029
1756585827763706880.000000 -0.273695797 0.702686250 0.024357077 0.414854854 -0.582269251 0.562666118 -0.415047973
1756585827897072384.000000 -0.261682987 0.703370154 0.024617292 0.427617073 -0.572862327 0.553485036 -0.427348495
1756585827997095168.000000 -0.251231790 0.703904152 0.023831913 0.436465859 -0.566125751 0.546439707 -0.436351836
1756585828097118976.000000 -0.238331422 0.707720041 0.022730568 0.444714516 -0.559475541 0.539811254 -0.444769472
1756585828230484224.000000 -0.224345148 0.710537076 0.022276411 0.456563562 -0.549223006 0.530696929 -0.456360281
1756585828297166848.000000 -0.216662019 0.712042391 0.022118270 0.463555634 -0.544167638 0.524983466 -0.461941838
1756585828363849472.000000 -0.209759742 0.713222027 0.021864684 0.469695747 -0.538598299 0.519970953 -0.467897505
1756585828430531072.000000 -0.203931674 0.714423954 0.022168532 0.472678632 -0.533900559 0.517301142 -0.473206758
1756585828530555136.000000 -0.191086501 0.712084055 0.022037730 0.471206367 -0.537722468 0.517883182 -0.469697803
1756585828663920384.000000 -0.176618755 0.710031986 0.022227472 0.470849127 -0.537352681 0.518126428 -0.470210850
1756585828830627328.000000 -0.158763781 0.708050549 0.022623856 0.469988078 -0.537466884 0.519118667 -0.469847202
1756585829030674432.000000 -0.137125686 0.705336988 0.022718752 0.468930036 -0.537276089 0.520089328 -0.470049083
1756585829197377536.000000 -0.118128076 0.706012785 0.022395886 0.478816301 -0.530445039 0.511014283 -0.477731556
1756585829364077824.000000 -0.101373523 0.705270827 0.022134650 0.477841914 -0.528527677 0.511524677 -0.480279177
1756585829530779136.000000 -0.082826890 0.705027878 0.021761613 0.480276197 -0.526294351 0.510611832 -0.481273830
1756585829697479936.000000 -0.065196186 0.707389295 0.022001676 0.489363968 -0.518629968 0.502652287 -0.488760233
1756585829964199936.000000 -0.035349254 0.705049098 0.021746865 0.487430334 -0.520368218 0.502503574 -0.488997757
1756585830297636864.000000 0.001631349 0.704038262 0.021050915 0.486846477 -0.521676540 0.504893661 -0.485712469
1756585830664443136.000000 0.038723685 0.702036440 0.022028286 0.486761361 -0.518664241 0.505355656 -0.488535136
1756585830964563712.000000 0.071375683 0.700878739 0.021824595 0.488115698 -0.518216014 0.504114687 -0.488941461
1756585831297992704.000000 0.107635170 0.699703872 0.022112809 0.488561332 -0.519470870 0.504284501 -0.486985624
1756585831564718592.000000 0.136415720 0.698094666 0.021556320 0.488122761 -0.519124329 0.504582226 -0.487486333
1756585831931467264.000000 0.175133705 0.697315574 0.021340296 0.489114404 -0.517803729 0.504295349 -0.488193363
1756585832331557632.000000 0.217210665 0.696188152 0.022406993 0.489145517 -0.517953455 0.504309118 -0.487988949
1756585832698308864.000000 0.254958957 0.694230080 0.022500936 0.487867594 -0.517329812 0.505546033 -0.488649577
1756585833098400768.000000 0.296045095 0.692660451 0.023405287 0.487973064 -0.516190886 0.505641282 -0.489648938
1756585833498498560.000000 0.339911729 0.693123043 0.023100885 0.488791078 -0.516644239 0.505200028 -0.488809854
1756585835065573888.000000 0.502048194 0.696495295 0.025439242 0.489207208 -0.519369245 0.502286375 -0.488508314
1756585835599048704.000000 0.553811848 0.695978642 0.026098210 0.489576817 -0.517552257 0.502778947 -0.489558548
1756585836099183104.000000 0.601217747 0.701773167 0.024703322 -0.507965863 0.497265220 -0.484791964 0.509582937
1756585836599304960.000000 0.651559234 0.703769922 0.024569461 -0.507517815 0.499270856 -0.485682935 0.507214308
1756585837099427072.000000 0.700160086 0.707176447 0.023250625 -0.507407725 0.498566359 -0.486413002 0.507317781
1756585837599551488.000000 0.747769356 0.708420873 0.024183752 -0.505949199 0.498130679 -0.485549748 0.510022163
1756585838099676416.000000 0.797955215 0.711524665 0.023824386 -0.507999301 0.499062210 -0.483814418 0.508721292
1756585838599806720.000000 0.845841348 0.713078499 0.023559159 -0.507221997 0.498176903 -0.483649820 0.510517955
1756585839099937536.000000 0.895622611 0.716728508 0.024145043 -0.508387208 0.499271780 -0.483128726 0.508779705
1756585839600059904.000000 0.945083618 0.719937742 0.023856116 -0.508830011 0.499109924 -0.482893854 0.508718729
1756585840133524736.000000 0.996544302 0.723307550 0.024065904 -0.508362949 0.498820961 -0.484303206 0.508129001
1756585840666995968.000000 1.049734116 0.727366447 0.022928614 -0.510468543 0.497591287 -0.482317537 0.509111464
1756585841167124992.000000 1.097678542 0.729330897 0.024011301 -0.510730803 0.497883767 -0.482180417 0.508692324
1756585841700593408.000000 1.148597836 0.732595384 0.024853889 -0.510475457 0.498155832 -0.482575089 0.508307993
1756585842234059520.000000 1.201557279 0.736466289 0.023894528 -0.510444880 0.498135954 -0.483229667 0.507735968
1756585842734180096.000000 1.248838663 0.740383029 0.024459239 -0.511011302 0.496070623 -0.483228683 0.509187162
1756585843234302464.000000 1.298585892 0.743737876 0.024250060 -0.512734115 0.495990336 -0.480996966 0.509646237
1756585843767774464.000000 1.350767374 0.747281015 0.023608480 -0.511888564 0.495830148 -0.481365025 0.510304153
1756585844301244416.000000 1.403000951 0.750881374 0.023732549 -0.513342559 0.495392352 -0.480433464 0.510146499
1756585844801368320.000000 1.452413917 0.754592836 0.023228398 -0.513819993 0.495654255 -0.480151266 0.509676993
1756585845301492736.000000 1.501397371 0.758499742 0.022661975 -0.514483273 0.495420843 -0.479565859 0.509785950
1756585845801616640.000000 1.550188541 0.761740148 0.021376299 -0.513623476 0.495924681 -0.480094224 0.509665668
1756585846335080960.000000 1.603260040 0.762581646 0.021812944 -0.512730241 0.496675432 -0.479764104 0.510144830
1756585846835200512.000000 1.648973227 0.766445100 0.022453036 -0.511839747 0.494756043 -0.480899990 0.511831760
1756585847335319040.000000 1.699027896 0.769216835 0.022491176 -0.512894809 0.497043222 -0.479415745 0.509948671
1756585847835435520.000000 1.747465014 0.773270726 0.022180123 -0.512811303 0.495983154 -0.480032265 0.510484397
1756585848368894464.000000 1.798698306 0.777276456 0.023287421 -0.510655046 0.495418698 -0.482423335 0.510939837
1756585848869013760.000000 1.848791838 0.781420529 0.023678735 -0.512540340 0.497047663 -0.481130272 0.508684218
1756585849369133824.000000 1.896421552 0.783489585 0.023074077 -0.511525035 0.495053738 -0.482254982 0.510582209
1756585849902599936.000000 1.948307514 0.787473202 0.024905432 -0.512039006 0.496819705 -0.481902957 0.508680403
1756585850402724608.000000 1.996427774 0.791088581 0.024461117 -0.511100233 0.495920449 -0.482835144 0.509617329
1756585850902850304.000000 2.045156002 0.793670952 0.024043176 -0.509186149 0.495837867 -0.484682173 0.509860158
1756585851436307200.000000 2.095519781 0.797035158 0.025012333 -0.508172631 0.494372398 -0.485686064 0.511337161
1756585851969756928.000000 2.147785187 0.798536539 0.027016811 -0.508940041 0.493954033 -0.484350264 0.512244344
1756585852503218688.000000 2.161604643 0.788500488 0.027273400 0.473895460 -0.528845370 0.517329454 -0.477614939
1756585853003344384.000000 2.165566206 0.774626672 0.027767589 0.425573558 -0.567443192 0.556166887 -0.433097959
1756585853503462144.000000 2.168293953 0.759258747 0.027874663 0.378603965 -0.601339757 0.587677062 -0.386891901
1756585854003577856.000000 2.167336702 0.742257833 0.028307982 0.325738043 -0.630997360 0.617953479 -0.337447315
1756585854503700992.000000 2.164848089 0.727765322 0.028304188 0.273948103 -0.657471538 0.641608059 -0.284644961
1756585855003825664.000000 2.157702208 0.712499678 0.027968016 0.217398569 -0.677973628 0.662502766 -0.232765660
1756585855503939072.000000 2.148190022 0.699204981 0.029361270 0.159831434 -0.694328606 0.678461790 -0.179028854
1756585856004048640.000000 2.138868570 0.685439706 0.029109471 0.101166070 -0.707234919 0.689251781 -0.120483637
1756585856504169728.000000 2.126904726 0.675931573 0.028564097 0.041163463 -0.713366866 0.696890056 -0.061299115
1756585859071468032.000000 2.081192732 0.556165159 0.028254285 -0.129862934 -0.703935266 0.690078318 0.106783152
1756585860138407168.000000 2.047750235 0.560406804 0.031416640 -0.251870096 -0.670504570 0.659608781 0.227818891
1756585862705729024.000000 1.960497856 0.599235654 0.030611712 -0.479588956 -0.535520375 0.526957154 0.453352630
1756585865273029120.000000 1.717898488 0.584901690 0.029318495 -0.492972106 -0.518606365 0.515588760 0.471374929
1756585868107028224.000000 1.446568847 0.567586660 0.028332815 -0.500384510 -0.508621097 0.507363617 0.483220577
1756585869940796928.000000 1.270326495 0.562142313 0.029515512 -0.500069022 -0.510669410 0.508642852 0.480031550
1756585872908095232.000000 0.984494805 0.550330281 0.028134866 -0.502725184 -0.512463391 0.507994473 0.476015121
1756585875442026496.000000 0.742332220 0.539763510 0.024109434 -0.498662442 -0.513719141 0.509042799 0.477811545
1756585878076081152.000000 0.487434119 0.535023570 0.022428632 -0.507578015 -0.503685176 0.499856770 0.488680989
1756585880744977408.000000 0.227978259 0.533414721 0.017175648 -0.507919073 -0.505972803 0.503253698 0.482436925
1756585883446018816.000000 -0.033693545 0.525854766 0.013124305 -0.505568683 -0.505741477 0.503281951 0.485111505
1756585884981616640.000000 -0.182326689 0.521254659 0.013651105 -0.505822062 -0.505757689 0.503989816 0.484094501
1756585885515281664.000000 -0.234211087 0.519679904 0.016185934 -0.505896091 -0.507452667 0.503879607 0.482354969
1756585886081767680.000000 -0.289834559 0.517883003 0.015496421 -0.507243097 -0.504819870 0.502871394 0.484749138
1756585886614948864.000000 -0.343302518 0.515700817 0.016166039 -0.507072151 -0.505453825 0.502459645 0.484694242
1756585887181427456.000000 -0.398968697 0.513780713 0.016001303 -0.505968750 -0.501264215 0.504793108 0.487764090
1756585887747910656.000000 -0.458532274 0.512658536 0.016163709 -0.505135953 -0.504437506 0.505282581 0.484840244
1756585888281053952.000000 -0.466131061 0.495608985 0.018024649 -0.459414005 -0.545205057 0.545464277 0.440634876
1756585888747575296.000000 -0.455442280 0.482230306 0.018744983 -0.416661710 -0.579091430 0.576766610 0.397977889
1756585891080652288.000000 -0.430439442 0.394082248 0.018783486 -0.166115373 -0.689355433 0.688086450 0.154051289
1756585891513857792.000000 -0.418126881 0.393314064 0.017525926 -0.116061494 -0.702771544 0.694179773 0.103713438
1756585891980379392.000000 -0.407350689 0.393240213 0.016119961 -0.058221307 -0.705420315 0.704893172 0.046023652
1756585892846754816.000000 -0.390320480 0.350739330 0.015308447 0.041047614 -0.707803130 0.703151405 -0.053926066
1756585893246605568.000000 -0.380272418 0.353130221 0.012827318 0.088035464 -0.707227051 0.694482625 -0.098861843
1756585893546514688.000000 -0.378104925 0.357061476 0.013912333 0.125130266 -0.702004373 0.687401474 -0.137882531
1756585893946374400.000000 -0.372806966 0.365333915 0.013488850 0.172957122 -0.691436946 0.677118659 -0.183060601
1756585894312913664.000000 -0.371309251 0.371155262 0.013435422 0.214553863 -0.679835498 0.664613307 -0.223784715
1756585894646139904.000000 -0.368268967 0.380062044 0.013361581 0.252103955 -0.666417420 0.651632667 -0.260204345
1756585895045990656.000000 -0.366273612 0.389963150 0.012269836 0.296409041 -0.647445261 0.633259356 -0.303214341
1756585895379215360.000000 -0.366656899 0.400521189 0.012382444 0.332243562 -0.630215466 0.615153491 -0.337681800
1756585895945689088.000000 -0.374658585 0.422964722 0.013360193 0.390140355 -0.596711457 0.580284894 -0.393694639
1756585896445913344.000000 -0.362708718 0.444141269 0.013976287 0.444401979 -0.559922576 0.541463912 -0.442504644
1756585896946524160.000000 -0.322243243 0.448918909 0.012946600 0.472927123 -0.534784198 0.518454194 -0.470691979
1756585897446799360.000000 -0.277341455 0.444331050 0.014209900 0.471652031 -0.533560455 0.519873083 -0.471793920
1756585897980098816.000000 -0.227074966 0.438639045 0.015658984 0.471135080 -0.535003364 0.521143258 -0.469268560
1756585898513384960.000000 -0.177025497 0.432386488 0.016969090 0.471272320 -0.534271836 0.520552158 -0.470618188
1756585899079980032.000000 -0.124943219 0.424634606 0.017944133 0.470322520 -0.533318758 0.520867050 -0.472298056
1756585899613278976.000000 -0.072387077 0.418234557 0.020444071 0.470054030 -0.534721673 0.519888461 -0.472057134
1756585900179928832.000000 -0.014211344 0.410801530 0.021477699 0.468875170 -0.536578417 0.521021068 -0.469868928
1756585900680631552.000000 0.032790076 0.405117333 0.023365507 0.469262004 -0.535835922 0.521502733 -0.469795525
1756585901214754304.000000 0.084277898 0.399561286 0.026025193 0.468328029 -0.534588933 0.522196412 -0.471375048
1756585901714841344.000000 0.135051250 0.392733932 0.026983900 0.467863649 -0.535860956 0.521911919 -0.470706463
1756585902214926848.000000 0.182687491 0.386605948 0.029442832 0.466475725 -0.534704804 0.523755789 -0.471350223
1756585902715033600.000000 0.234244958 0.380374402 0.030739736 0.465678811 -0.535825253 0.523799598 -0.470817029
1756585903215134976.000000 0.289150685 0.378771305 0.030430460 0.478566408 -0.530485749 0.512003183 -0.476877183
1756585903748544512.000000 0.343950748 0.374132365 0.032408558 0.477235407 -0.530038536 0.513082087 -0.477548361
1756585904248616704.000000 0.395724416 0.371763289 0.032697916 0.478561670 -0.531152666 0.512212098 -0.475914210
1756585904782057728.000000 0.449798286 0.367798358 0.032802131 0.477959633 -0.530547440 0.512468338 -0.476917446
1756585905315538176.000000 0.502076685 0.364876509 0.033781644 0.476591796 -0.530189633 0.514594495 -0.476394534
1756585905849137408.000000 0.555877388 0.362339854 0.034183644 0.476841033 -0.529637158 0.514814019 -0.476522505
1756585906349345792.000000 0.603572428 0.358585030 0.036454000 0.476130545 -0.530081213 0.515194237 -0.476328254
1756585906849450240.000000 0.652906239 0.356934667 0.036436331 0.474821389 -0.529412210 0.516247809 -0.477237433
1756585907349557760.000000 0.702976286 0.354844660 0.036447786 0.475137442 -0.530159295 0.515652657 -0.476736754
1756585907849670400.000000 0.754432678 0.352516592 0.035282366 0.476594299 -0.530833960 0.515227735 -0.474987894
1756585908349788416.000000 0.804731965 0.350906044 0.034096409 0.480322957 -0.527848303 0.511445999 -0.478632510
1756585908849916928.000000 0.854631066 0.357689828 0.031451732 0.495612890 -0.515193224 0.496876448 -0.491993576
1756585909383384832.000000 0.905699730 0.359689593 0.031685479 0.494010568 -0.513553739 0.497650623 -0.494530171
1756585909916850432.000000 0.960433006 0.360620528 0.030584699 0.495130509 -0.513504446 0.496221811 -0.494896859
1756585910450317568.000000 1.013035893 0.361594021 0.030081043 0.494043231 -0.512890935 0.498051226 -0.494782001
1756585911017128448.000000 1.067790627 0.361998588 0.031284444 0.494179934 -0.511888564 0.496355712 -0.497380435
1756585911550597888.000000 1.123513222 0.362453312 0.030054580 0.495344371 -0.514246941 0.494864017 -0.495271266
1756585912050727936.000000 1.172075748 0.362658322 0.029851882 0.494717628 -0.514883220 0.494149387 -0.495949686
1756585912550857984.000000 1.221991777 0.364051342 0.028449530 0.496269166 -0.514825165 0.494043440 -0.494563520
1756585913050988800.000000 1.268389583 0.375121474 0.026564265 -0.512510240 0.496275336 -0.478073269 0.512337804
1756585913551115776.000000 1.319283724 0.378154576 0.025955215 -0.513228893 0.497822016 -0.477460414 0.510686636
1756585914084583680.000000 1.372198343 0.381298095 0.025246779 -0.512803495 0.498276085 -0.478001624 0.510164559
1756585914618050304.000000 1.421846151 0.385908157 0.026376577 -0.511516809 0.497389376 -0.479696244 0.510730863
1756585915151515648.000000 1.475587845 0.388703972 0.026151313 -0.511228144 0.499077946 -0.479756147 0.509314239
1756585915684976384.000000 1.529211044 0.391804636 0.025401499 -0.513227046 0.499517262 -0.479227722 0.507367074
1756585916218437120.000000 1.579829335 0.395219356 0.025368795 -0.511193156 0.499660641 -0.482378781 0.506292045
1756585916718558976.000000 1.627881646 0.397280216 0.026421204 -0.510393918 0.500155032 -0.482712090 0.506292343
1756585917218680576.000000 1.674799442 0.399513960 0.026852453 -0.508604288 0.500941813 -0.484752744 0.505364895
1756585917718804224.000000 1.722286344 0.400484860 0.027637955 -0.507634461 0.501172185 -0.485012829 0.505861938
1756585918285612544.000000 1.778878689 0.401682496 0.027034439 -0.508633018 0.502272606 -0.484218150 0.504526913
1756585918785747200.000000 1.828492641 0.402217507 0.028121203 -0.507786989 0.503150880 -0.485128701 0.503628552
1756585919319220480.000000 1.879633784 0.402798176 0.029948300 -0.506656349 0.503083169 -0.485842496 0.504146695
1756585919819337472.000000 1.928905606 0.404458284 0.029798381 -0.507520914 0.502852499 -0.485618234 0.503722906
1756585920352801280.000000 1.973826528 0.403763056 0.028845409 0.502134204 -0.509022355 0.490153730 -0.498504549
1756585920852935936.000000 1.977149963 0.390864044 0.031055650 0.459896773 -0.545656443 0.529166639 -0.459060848
1756585921353066240.000000 1.981122613 0.375318468 0.030762890 0.413259834 -0.581836462 0.565192938 -0.413810998
1756585921853188352.000000 1.982190371 0.358318388 0.029739438 0.362904340 -0.613811016 0.597385347 -0.366970569
1756585922353308672.000000 1.981307507 0.341310084 0.030462064 0.309635937 -0.643072069 0.625113904 -0.315937608
1756585922886767104.000000 1.976757169 0.323342770 0.029925007 0.250644684 -0.668169916 0.650172770 -0.260771334
1756585923420227328.000000 1.968092322 0.305335581 0.031218082 0.184884831 -0.678862810 0.681035817 -0.202862650
1756585923920349184.000000 1.984821796 0.246258900 0.028380712 0.134035498 -0.705955684 0.680792511 -0.142065510
1756585924453813760.000000 1.971650839 0.238958120 0.028760364 0.072102271 -0.709593654 0.695549965 -0.086536147
1756585924953940224.000000 1.960191250 0.229570553 0.028045006 0.010806208 -0.713985443 0.699561715 -0.026860135
1756585925454719744.000000 1.947368383 0.221932918 0.027704271 -0.049192589 -0.713208795 0.698513687 0.031496841
1756585925956147456.000000 1.927558303 0.200331837 0.031006277 -0.110512465 -0.702311218 0.697183073 0.092096366
1756585926456854528.000000 1.897087574 0.156960890 0.028801057 -0.168446690 -0.698936641 0.679199398 0.147653192
1756585927523520512.000000 1.864877701 0.164670959 0.029594339 -0.287758321 -0.656600893 0.644653261 0.265504420
1756585930290093056.000000 1.640564442 0.123836637 0.027978070 -0.447119504 -0.557617903 0.554480433 0.426260442
1756585932923380480.000000 1.383171439 0.091132499 0.026737317 -0.476757646 -0.530741572 0.530560017 0.457735389
1756585934956786176.000000 1.186823130 0.092084840 0.026043825 -0.502198935 -0.507681251 0.506988049 0.482720494
1756585936990032640.000000 0.989707351 0.089230351 0.025146585 -0.504471540 -0.507071853 0.506107450 0.481914729
1756585939156608768.000000 0.779783309 0.102821879 0.023376975 -0.522346497 -0.487257361 0.487151682 0.502411902
1756585940823279616.000000 0.622594118 0.109182604 0.023222048 -0.520973742 -0.484983206 0.486147642 0.506989360
1756585943425047296.000000 0.368056595 0.128964096 0.021849509 -0.526614666 -0.483007818 0.482815951 0.506230354
1756585944992085248.000000 0.215455294 0.140841722 0.019001190 -0.528549790 -0.482788444 0.478897244 0.508141696
1756585947592645376.000000 -0.035482336 0.153742611 0.014991464 -0.522126973 -0.488507807 0.488735616 0.499881029
1756585948626226944.000000 -0.136426017 0.156275809 0.014377265 -0.522602856 -0.487943679 0.487627506 0.501015484
1756585949126365184.000000 -0.185362518 0.154384315 0.015649429 -0.523379326 -0.486457765 0.486077130 0.503152013
1756585949659840512.000000 -0.238325164 0.156778201 0.015844226 -0.523991823 -0.487859190 0.486211479 0.501023293
1756585950159975168.000000 -0.285180449 0.157147974 0.017193394 -0.522705674 -0.484766275 0.487152100 0.504443645
1756585950693437696.000000 -0.338636070 0.158613935 0.017258905 -0.523743689 -0.484742582 0.484962195 0.505498707
1756585951226901504.000000 -0.365691185 0.144750401 0.015152125 -0.489687383 -0.518717110 0.517597198 0.472474307
1756585951293582848.000000 -0.363347232 0.143154144 0.015875563 -0.483066082 -0.523824036 0.524118125 0.466428816
1756585951793690624.000000 -0.355710715 0.126556590 0.015744332 -0.440798044 -0.563486755 0.557736218 0.420844465
1756585952327138304.000000 -0.343370497 0.114198178 0.015933543 -0.390587479 -0.598912537 0.592788577 0.370603383
1756585953360697856.000000 -0.328633457 0.081835650 0.017818883 -0.277430415 -0.661227047 0.647108674 0.258962721
1756585953894153472.000000 -0.335927188 0.053207472 0.017491486 -0.222101182 -0.677593231 0.670394957 0.205205202
1756585954394268160.000000 -0.319678605 0.051390577 0.017265780 -0.164780468 -0.694245994 0.684378743 0.149985909
1756585954894383360.000000 -0.303816259 0.052964710 0.016758401 -0.107296556 -0.704513431 0.695226908 0.093850158
1756585955394493440.000000 -0.289516807 0.057888858 0.016656131 -0.047572296 -0.710500181 0.701252162 0.034232505
1756585955927934208.000000 -0.277320862 0.063773766 0.014849406 0.016481448 -0.712156415 0.701201379 -0.029634414
1756585956328029952.000000 -0.269944370 0.070674405 0.014032368 0.064626418 -0.708931267 0.697936952 -0.078256153
1756585956794856192.000000 -0.263792872 0.077577986 0.013646306 0.118636705 -0.702542365 0.688973725 -0.132946998
1756585957295020800.000000 -0.265699059 0.080352768 0.014256889 0.183239177 -0.688800871 0.673553526 -0.195709944
1756585957795125760.000000 -0.257748544 0.093627140 0.016555412 0.239480808 -0.664456129 0.660583496 -0.254512310
1756585958295233280.000000 -0.215532199 0.070830174 0.016041068 0.297519386 -0.647998571 0.631209135 -0.305213422
1756585958795355648.000000 -0.177486777 0.050396740 0.016347026 0.315685719 -0.636865437 0.624257267 -0.324110746
1756585959295478016.000000 -0.136668861 0.037217677 0.016956847 0.358134657 -0.614601731 0.601226807 -0.364047587
1756585959795603200.000000 -0.094713323 0.015798619 0.017553732 0.357376963 -0.615222692 0.601638019 -0.363062561
1756585960262384896.000000 -0.057619594 0.013938644 0.020123011 0.407109708 -0.584927857 0.570279002 -0.408537656
1756585960762488320.000000 -0.015600007 0.008416485 0.022037324 0.425111145 -0.568533063 0.557288587 -0.430673957
1756585961262592000.000000 0.031365532 -0.002001780 0.021385420 0.432016224 -0.565820575 0.551669896 -0.434591144
1756585961762705920.000000 0.076037407 -0.010731217 0.022857603 0.434048921 -0.561970532 0.550624549 -0.438866049
1756585962262818816.000000 0.124009721 -0.014614034 0.023908479 0.456313282 -0.546757996 0.531862438 -0.458209932
1756585962762940416.000000 0.170087859 -0.024470871 0.024862055 0.452510089 -0.550263941 0.534668565 -0.454503745
1756585963263060224.000000 0.213098139 -0.022448301 0.026983621 0.474384129 -0.529484153 0.516566455 -0.477247775
1756585963796506112.000000 0.263211995 -0.027857237 0.028464761 0.472912163 -0.532992125 0.518107176 -0.473115742
1756585964329955072.000000 0.314875454 -0.022800930 0.029374722 0.492205739 -0.515701771 0.499534041 -0.492189944
1756585964830079488.000000 0.361748576 -0.023650892 0.030412750 0.491846770 -0.514375985 0.500127017 -0.493332535
1756585965363540992.000000 0.414437950 -0.022678265 0.031872384 0.493436933 -0.515646815 0.498327374 -0.492237926
1756585965863648256.000000 0.464738786 -0.022724826 0.032869965 0.493594974 -0.515819550 0.498602539 -0.491619587
1756585966363750912.000000 0.513488650 -0.022585781 0.033981495 0.493346214 -0.515053809 0.499516845 -0.491743743
1756585966897183232.000000 0.567486048 -0.022672445 0.033126056 0.494040102 -0.515129387 0.498528093 -0.491971433
1756585967397279232.000000 0.617079496 -0.022685345 0.032976184 0.494132429 -0.515296876 0.498381853 -0.491851389
1756585967897383936.000000 0.665618300 -0.022252617 0.034538370 0.494544983 -0.516039729 0.496726692 -0.492332071
1756585968397490176.000000 0.713669062 -0.021597303 0.035624973 0.492757589 -0.515593648 0.498933285 -0.492360473
1756585968930938880.000000 0.766217828 -0.020162515 0.035501786 0.494806737 -0.513733864 0.497954398 -0.493239462
1756585969464391424.000000 0.819149554 -0.018875618 0.035300180 0.493654221 -0.512753546 0.500252664 -0.493088901
1756585969997847040.000000 0.872243166 -0.018502533 0.035415456 0.494674861 -0.512765408 0.499046654 -0.493275732
1756585970531308288.000000 0.924943268 -0.016871989 0.035542682 0.496108741 -0.512830973 0.498356909 -0.492464095
1756585971064772608.000000 0.977074325 -0.014827942 0.034254551 0.494442314 -0.512607932 0.499109030 -0.493609160
1756585971598221312.000000 1.031632543 -0.014818600 0.034315843 0.495254427 -0.515042007 0.497021914 -0.492365748
1756585972131663104.000000 1.085784316 -0.014976561 0.033453599 0.494386762 -0.516276121 0.497225851 -0.491738915
1756585972631779072.000000 1.135089040 -0.013596943 0.032743420 0.494877040 -0.517053962 0.497104168 -0.490550011
1756585973131899648.000000 1.185085297 -0.015045246 0.033469979 0.496175766 -0.517042398 0.496641874 -0.489718050
1756585973632025088.000000 1.235056639 -0.015537689 0.031846069 0.497148633 -0.517441988 0.494699806 -0.490274698
1756585974165494016.000000 1.286758542 -0.015707768 0.032054786 0.495107144 -0.515601993 0.497023404 -0.491926074
1756585974665627904.000000 1.335756302 -0.016816001 0.031231981 0.493529499 -0.514608920 0.498549372 -0.493005961
1756585975199106816.000000 1.388892889 -0.016661761 0.031255268 0.494118810 -0.513705313 0.498933583 -0.492969215
1756585975699239424.000000 1.438446641 -0.017140035 0.030287981 0.494204104 -0.514029562 0.498267829 -0.493219227
1756585976232716032.000000 1.490467787 -0.016311262 0.030467628 0.494957358 -0.512715995 0.499005705 -0.493085027
1756585976732836608.000000 1.541006088 -0.017441507 0.029117147 0.495851934 -0.514066458 0.496697336 -0.493110865
1756585977266299648.000000 1.596389174 -0.019464906 0.029163422 0.497481763 -0.515222788 0.494923741 -0.492044628
1756585977766435840.000000 1.644865036 -0.019981386 0.029219132 0.497975826 -0.514322877 0.494282573 -0.493129462
1756585978299913216.000000 1.697597861 -0.021547172 0.029103186 0.498448491 -0.514277875 0.493698269 -0.493284285
1756585978800038144.000000 1.745936394 -0.021596963 0.029357351 0.497968048 -0.512225270 0.494715661 -0.494883329
1756585979333504768.000000 1.797712445 -0.022463132 0.029303726 0.497621477 -0.512284636 0.493907481 -0.495976627
1756585979833626624.000000 1.825329661 -0.023436178 0.029861771 0.493722141 -0.510941029 0.498040587 -0.497124970
1756585980367089664.000000 1.825978637 -0.023132183 0.029595688 0.498493642 -0.509451509 0.493815660 -0.498105884
1756585980900554752.000000 1.817215562 -0.008707401 0.030339854 -0.541727722 0.462823361 -0.447044194 0.540811658
1756585981400674816.000000 1.807617307 0.004459026 0.029890364 -0.580678761 0.415643036 -0.398769021 0.575357556
1756585981934132992.000000 1.793248415 0.014457144 0.030103369 -0.615893662 0.362055153 -0.346245497 0.608033895
1756585982467597568.000000 1.780641913 0.022180241 0.030060824 -0.646729350 0.304692954 -0.288906306 0.636738956
1756585983001069312.000000 1.764658570 0.027306223 0.029685486 -0.671944261 0.244931653 -0.231973067 0.659308732
1756585983501199872.000000 1.752971292 0.028852744 0.029204898 -0.689803958 0.187639907 -0.175271869 0.676935434
1756585984001331968.000000 1.739159584 0.032438524 0.030396055 -0.704003036 0.128738225 -0.117102958 0.688544154
1756585984502122496.000000 1.726050019 0.028470589 0.031465150 -0.712565839 0.069340602 -0.058500972 0.695715070
1756585985036969728.000000 1.710665822 0.023131624 0.031895149 -0.715948880 0.006198359 0.004800996 0.698108673
1756585985537553920.000000 1.697022438 0.014295068 0.032279998 -0.712935984 -0.050744366 0.061756406 0.696658790
1756585986037562368.000000 1.683771372 0.004347489 0.031409834 -0.706551731 -0.109094270 0.119105719 0.688982546
1756585986537570816.000000 1.672283053 -0.007393034 0.030927364 -0.696271122 -0.167470679 0.176030815 0.675406039
1756585987037574144.000000 1.663478732 -0.021856543 0.030491183 -0.679876029 -0.224179804 0.232750088 0.658285260
1756585987570908672.000000 1.657662511 -0.038124073 0.030707611 -0.657939672 -0.283850104 0.289366215 0.634674549
1756585988137567232.000000 1.652419925 -0.055359501 0.029957421 -0.628990710 -0.344405383 0.347377270 0.604222357
1756585988704235520.000000 1.649662137 -0.073863290 0.027640942 -0.592375278 -0.402917743 0.402959317 0.569537163
1756585989237558016.000000 1.650182247 -0.089999445 0.027367275 -0.555278718 -0.452743381 0.452152103 0.531269670
1756585989737570560.000000 1.651209116 -0.103140324 0.028743446 -0.515811324 -0.489207417 0.493994743 0.500583649
1756585990304236288.000000 1.592535496 -0.102833897 0.027940616 -0.517232537 -0.492075384 0.493779629 0.496501714
1756585990870898432.000000 1.540624976 -0.113858879 0.027811363 -0.491760790 -0.517156184 0.517722666 0.471894264
1756585991404609536.000000 1.489838600 -0.119413100 0.027382202 -0.489956886 -0.518329620 0.519097865 0.470971525
1756585991905887488.000000 1.439770103 -0.123802766 0.026874524 -0.491829216 -0.519226789 0.517633677 0.469641238
1756585992440119040.000000 1.388741851 -0.129041478 0.026542844 -0.491490453 -0.519743800 0.518055797 0.468958080
1756585992973351168.000000 1.335816860 -0.133405551 0.026015405 -0.491697818 -0.520869851 0.518981755 0.466461062
1756585993539882240.000000 1.283294201 -0.137381852 0.026758470 -0.490353435 -0.520130336 0.519689262 0.467911392
1756585994073055488.000000 1.230872512 -0.140802413 0.026070707 -0.490029097 -0.519737542 0.520486951 0.467801034
1756585994639557376.000000 1.176876307 -0.145114869 0.026663542 -0.490251392 -0.519836545 0.519896984 0.468114078
1756585995172713472.000000 1.127222538 -0.149525464 0.025642745 0.489073306 0.518533885 -0.521721601 -0.468760669
1756585995705901056.000000 1.075211883 -0.153695986 0.025366575 0.489617288 0.518580437 -0.520599842 -0.469387949
1756585996272390656.000000 1.020578504 -0.157778978 0.025425419 -0.489491880 -0.519604087 0.520487726 0.468510211
1756585996805560320.000000 0.968847215 -0.161506847 0.026153641 -0.490141690 -0.518712521 0.519097686 0.470357358
1756585997338704640.000000 0.918700576 -0.165675506 0.026165759 0.488505185 0.517474949 -0.520763695 -0.471579790
1756585997871871744.000000 0.866024911 -0.169873372 0.025615592 -0.490272045 -0.518978536 0.518441856 0.470651299
1756585998405028352.000000 0.815106988 -0.173049644 0.025239980 -0.489622682 -0.520209730 0.519936621 0.468313396
1756585998971533312.000000 0.760244966 -0.176988587 0.025215499 -0.490608364 -0.520055652 0.520065308 0.467308909
1756585999538033664.000000 0.706368864 -0.180491641 0.025986552 -0.491032511 -0.519840002 0.519800842 0.467397511
1756586000071204352.000000 0.653967679 -0.184190169 0.025340151 -0.491064966 -0.521538138 0.520525575 0.464657277
1756586000571504128.000000 0.606822252 -0.187174186 0.025250277 -0.491611183 -0.520280778 0.520374835 0.465656906
1756586001105518848.000000 0.555705786 -0.190907225 0.025397863 -0.491031468 -0.521090329 0.520005286 0.465776354
1756586001605711616.000000 0.511044025 -0.200861037 0.024058016 -0.471454382 -0.537655592 0.536832511 0.447736710
1756586002139019520.000000 0.463100910 -0.216463029 0.024022877 -0.454754233 -0.551085353 0.549702644 0.432816982
1756586002705669632.000000 0.409571677 -0.228611708 0.023207046 -0.453616291 -0.552346408 0.550031662 0.431984961
1756586003272309248.000000 0.356955111 -0.242073417 0.023053316 -0.451736480 -0.556140542 0.549201310 0.430139244
1756586003805639680.000000 0.307309330 -0.253257155 0.021981211 -0.450456887 -0.557502508 0.550291240 0.428321391
1756586004372287232.000000 0.255123317 -0.265017450 0.022022147 -0.448762715 -0.557203531 0.553237975 0.426689714
1756586004905591808.000000 0.205554813 -0.276996076 0.022016201 -0.448179543 -0.557637691 0.553013861 0.427025795
1756586005472235008.000000 0.153466374 -0.290063620 0.020775702 -0.445399582 -0.558677495 0.553928375 0.427389920
1756586005972238592.000000 0.106356055 -0.301812798 0.020651631 -0.444608390 -0.560768425 0.554778993 0.424361378
1756586006505563136.000000 0.059479825 -0.313718349 0.020129982 -0.441458791 -0.560850859 0.557574868 0.423875958
1756586007072203776.000000 0.027180940 -0.321621597 0.017607080 -0.442432761 -0.560189664 0.556824684 0.424719930
1756586007606009088.000000 0.020836744 -0.314470947 0.017186362 -0.472256720 -0.534679413 0.532663584 0.455369085
1756586008106787584.000000 0.014125274 -0.301985204 0.018668424 -0.515941978 -0.493039459 0.490809560 0.499821931
1756586008607132928.000000 0.009105191 -0.290190965 0.018618178 -0.554008543 -0.451731652 0.447961360 0.536976457
1756586009107278336.000000 0.007598644 -0.275278270 0.018768482 -0.588774085 -0.403870016 0.402334213 0.573028147
1756586009640748032.000000 0.008320794 -0.259700269 0.020023145 -0.622176409 -0.351422518 0.350847363 0.605231225
1756586010140868608.000000 0.011548117 -0.244113013 0.019340608 -0.650127888 -0.299130559 0.299176037 0.631148517
1756586011174444800.000000 0.019145802 -0.220834300 0.021478068 -0.668204546 -0.224230230 0.235169396 0.669267476
1756586013808367616.000000 -0.039820008 -0.032520473 0.019034987 -0.706633568 -0.113369569 0.119184986 0.688194275
1756586014308508160.000000 -0.031494342 -0.016758822 0.018521499 -0.714842737 -0.061909933 0.068553060 0.693157673
1756586014875835136.000000 -0.023258910 -0.012082999 0.018469503 -0.715435684 -0.027127931 0.033838887 0.697331190
1756586015376359936.000000 -0.013911099 -0.007226583 0.018462319 -0.715935528 0.013983398 -0.007284569 0.697988391
1756586015876438784.000000 -0.013063540 -0.006781547 0.018735114 -0.715749741 0.016037067 -0.009242068 0.698111594
1756586016409857024.000000 -0.013221837 -0.006934308 0.018839059 -0.715788782 0.016049966 -0.009328584 0.698070109
1756586016976627456.000000 -0.013106855 -0.006918563 0.018688310 -0.715685308 0.015944215 -0.009284887 0.698179245
1756586017510049536.000000 -0.012950080 -0.006909015 0.018481264 -0.715599895 0.015923290 -0.009150371 0.698268950
1756586018043457792.000000 -0.012716240 -0.006768545 0.018207714 -0.715476811 0.015848631 -0.009070123 0.698397934
1756586018543532288.000000 -0.013074322 -0.006861179 0.018480098 -0.715560973 0.015944280 -0.009268283 0.698306859
1756586019076949760.000000 -0.012750021 -0.006935813 0.018198904 -0.715435088 0.015910259 -0.009109564 0.698438704
1756586019577034496.000000 -0.012961131 -0.006978634 0.018245533 -0.715451837 0.015851373 -0.009257023 0.698420882
1756586020143802624.000000 -0.012952259 -0.006948071 0.018093372 -0.715373039 0.015920570 -0.009233081 0.698500395
1756586020710550272.000000 -0.012862762 -0.007048897 0.018463820 -0.715510845 0.016045533 -0.009091949 0.698358178
1756586021243946496.000000 -0.013123652 -0.007079464 0.018539950 -0.715526938 0.015900295 -0.009314348 0.698342025
1756586021777376256.000000 -0.012943814 -0.006810365 0.018458389 -0.715571761 0.015885061 -0.009166490 0.698298454
1756586022310804224.000000 -0.012847116 -0.006966640 0.018485850 -0.715518296 0.016018564 -0.009116624 0.698350906
1756586022877558272.000000 -0.013090458 -0.007051254 0.018415760 -0.715515971 0.015943630 -0.009274301 0.698352873
1756586023411236864.000000 -0.012674714 -0.007191379 0.018456073 -0.715477645 0.015834639 -0.009046775 0.698397636
1756586023979404800.000000 -0.012818071 -0.006962458 0.018197866 -0.715424955 0.015780248 -0.009194613 0.698450923
1756586024513633024.000000 -0.012881298 -0.007030273 0.018771714 -0.715638816 0.015703784 -0.009237592 0.698232889
1756586025080247040.000000 -0.012525139 -0.007145607 0.018215645 -0.715390921 0.015637577 -0.009007418 0.698491395
