1756484397280003584.000000 0.005669072 -0.017432164 0.005224212 -0.695959389 0.001503649 -0.004359893 0.718066394
1756484397547410944.000000 0.006288642 0.012036055 0.005367656 -0.698614240 0.001898986 -0.006183871 0.715469301
1756484397814864384.000000 0.006610228 0.037473075 0.005773245 -0.698488891 0.001631998 -0.006858305 0.715586185
1756484398082365440.000000 0.008087378 0.062326014 0.006604512 -0.696597636 0.002914771 -0.007135436 0.717420578
1756484398349732096.000000 0.008729510 0.089349590 0.006621999 -0.698118985 0.003469072 -0.006546192 0.715943456
1756484398616789248.000000 0.009306625 0.114476830 0.006957568 -0.696851194 0.003710483 -0.007661857 0.717165232
1756484398883856128.000000 0.010119004 0.143981367 0.006021427 -0.699814320 0.002993473 -0.006553636 0.714288533
1756484399150932992.000000 0.010759389 0.169439256 0.006313793 -0.698895812 0.003315855 -0.006528307 0.715186059
1756484399417960192.000000 0.018826626 0.196311206 0.007430839 -0.697207451 0.034352314 -0.036019571 0.715139389
1756484399684956672.000000 0.030812725 0.226244345 0.007834070 -0.696996212 0.066801563 -0.068008266 0.710709989
1756484399918585088.000000 0.042885400 0.250593126 0.008054342 -0.695126176 0.093078479 -0.095124729 0.706461132
1756484400018711808.000000 0.048964757 0.259277582 0.008587008 -0.692050099 0.104820743 -0.105965443 0.706293583
1756484400118840576.000000 0.054986205 0.268360913 0.008654496 -0.690154850 0.114078395 -0.115712777 0.705183029
1756484400385859840.000000 0.062526084 0.292419672 0.009072813 -0.690013468 0.112359866 -0.114162944 0.705849528
1756484400719992064.000000 0.071879581 0.323198169 0.009337227 -0.690557420 0.112393886 -0.114334546 0.705284178
1756484401020762368.000000 0.081939250 0.351209819 0.009657160 -0.689939082 0.117240816 -0.119967319 0.704163671
1756484401254729216.000000 0.099137805 0.373579323 0.009882205 -0.684998333 0.147267863 -0.150025874 0.697554111
1756484401421515264.000000 0.112255394 0.388549238 0.010000356 -0.680731595 0.166567072 -0.168815270 0.693081081
1756484401654513408.000000 0.131371245 0.408723354 0.009773343 -0.675072551 0.193467185 -0.195174366 0.684656501
1756484401820925696.000000 0.144078955 0.420594275 0.009940511 -0.668636858 0.208898991 -0.212930873 0.681136131
1756484402353377792.000000 0.173428133 0.464057595 0.010991822 -0.670464396 0.207417920 -0.209077612 0.680985987
1756484402852654848.000000 0.200686306 0.504372776 0.010954608 -0.670723796 0.206941858 -0.210341915 0.680485845
1756484403152171008.000000 0.217940733 0.528709829 0.011015957 -0.670482576 0.208529592 -0.211499229 0.679879963
1756484403351855872.000000 0.228030413 0.543798685 0.011631488 -0.669683516 0.207917824 -0.210370839 0.681203544
1756484403785172992.000000 0.251060367 0.578152061 0.011881690 -0.668948174 0.208568767 -0.211836651 0.681272805
1756484404251841024.000000 0.282979220 0.613908768 0.012110369 -0.662528932 0.230590165 -0.233844429 0.673201561
1756484404751347456.000000 0.314393789 0.651949942 0.012434088 -0.662300050 0.233532667 -0.235574499 0.671807945
1756484405283954176.000000 0.347907424 0.692968428 0.012191252 -0.662727833 0.234859645 -0.235181645 0.671060622
1756484405716757760.000000 0.375094742 0.725284696 0.012465350 -0.663126528 0.234309793 -0.234569922 0.671073198
1756484406249366784.000000 0.405222237 0.763613582 0.012785839 -0.660642147 0.230520785 -0.232333675 0.675598502
1756484406682642176.000000 0.433983177 0.799987435 0.011606800 -0.665425539 0.231661797 -0.231657609 0.670728326
1756484407182768640.000000 0.462598622 0.837024689 0.012326112 -0.663985074 0.230785444 -0.231454074 0.672525823
1756484407715795200.000000 0.494376093 0.878641665 0.011780864 -0.664486468 0.229710445 -0.232290909 0.672110021
1756484408248564736.000000 0.527372241 0.921184540 0.011114945 -0.665792346 0.229842514 -0.231167853 0.671159029
1756484408749600768.000000 0.555778027 0.958998024 0.011955270 -0.666072011 0.227392301 -0.230362311 0.671992600
1756484409217704960.000000 0.582538188 0.994598806 0.012525423 -0.666592240 0.223772079 -0.225905716 0.674201429
1756484409451364864.000000 0.588785052 1.015596032 0.011831877 -0.676001370 0.196086884 -0.196755037 0.682539105
1756484409817682176.000000 0.594225883 1.048837185 0.011300842 -0.684370816 0.157447323 -0.160586581 0.693584085
1756484410350440448.000000 0.615802109 1.093693018 0.011883116 -0.682168245 0.159446627 -0.163978621 0.694502950
1756484410883262976.000000 0.639193296 1.141045332 0.011966469 -0.682593882 0.159113660 -0.161950052 0.694637060
1756484411116346624.000000 0.642116785 1.163670540 0.011283679 -0.688554764 0.134384796 -0.137122706 0.699307144
1756484411382719744.000000 0.643545985 1.186398625 0.011558267 -0.691063643 0.112672940 -0.116067447 0.704460263
1756484411582538496.000000 0.649510324 1.205414534 0.011356014 -0.690857172 0.113509282 -0.116983369 0.704377055
1756484412015440896.000000 0.664248526 1.247272134 0.011136229 -0.691587150 0.113420054 -0.115966789 0.703842878
1756484412581530112.000000 0.680277407 1.298802972 0.011468320 -0.690859139 0.111095592 -0.114470400 0.705172360
1756484412981131008.000000 0.691858172 1.335542083 0.011904885 -0.691643119 0.109627001 -0.113722526 0.704754591
1756484413314096640.000000 0.688194573 1.366490245 0.010842411 -0.697343647 0.068566792 -0.071246840 0.709883332
1756484413614175488.000000 0.688380659 1.393381119 0.011948002 -0.696569562 0.051953144 -0.055092219 0.713482022
1756484413914308864.000000 0.692345321 1.423065782 0.012061920 -0.696327567 0.051652908 -0.054356568 0.713796437
1756484414381285376.000000 0.698281169 1.469057083 0.013014919 -0.698089242 0.050345905 -0.052430190 0.712311566
1756484414882830592.000000 0.704287112 1.517623901 0.012988996 -0.698128819 0.048831705 -0.051835988 0.712421715
1756484415150393344.000000 0.707782567 1.544071436 0.012509857 -0.698288262 0.048653878 -0.052075066 0.712260187
1756484415651978496.000000 0.714194298 1.591762424 0.013860328 -0.697509825 0.047210660 -0.049566340 0.713298261
1756484416153664768.000000 0.720549643 1.639401078 0.014188376 -0.696643054 0.046073344 -0.049179532 0.714245796
1756484416654637312.000000 0.727974534 1.691949964 0.013785246 -0.699612498 0.048408169 -0.051856477 0.710992277
1756484417155021824.000000 0.734413445 1.740283847 0.014711036 -0.699573100 0.047478694 -0.050388325 0.711199164
1756484417521806592.000000 0.739680350 1.777673841 0.015088492 -0.699868143 0.046829760 -0.049944513 0.710983217
1756484418054866176.000000 0.746901691 1.828519583 0.014331276 -0.701789439 0.045277491 -0.047724076 0.709340513
1756484418454823680.000000 0.734834135 1.823889852 0.015168787 -0.700872779 0.002560266 -0.005135147 0.713263273
1756484421057058048.000000 0.676217794 1.766866446 0.011092059 -0.635123074 -0.292604089 0.291939139 0.652512908
1756484423489648640.000000 0.518770814 1.767341256 0.012049050 -0.544310868 -0.438445985 0.439245909 0.564405799
1756484426055119360.000000 0.313568592 1.955716133 0.014061306 -0.647559762 -0.263639480 0.262734175 0.664929628
1756484428887116544.000000 0.221793905 2.241203308 0.019903617 -0.696509182 -0.049447034 0.048352975 0.714207292
1756484429920957440.000000 0.227624133 2.352022886 0.021414232 -0.701942027 0.007996189 -0.011267580 0.712100148
1756484430453704960.000000 0.227903992 2.402390003 0.022400036 -0.702667534 0.004184055 -0.006800185 0.711473525
1756484430953894400.000000 0.228135228 2.449309826 0.023254171 -0.701368570 0.004373267 -0.006695679 0.712754011
1756484431454131200.000000 0.230101019 2.498147249 0.023503905 -0.702413380 0.004857688 -0.006473389 0.711723268
1756484431954458368.000000 0.228977010 2.545609713 0.023631137 -0.701705694 0.004638434 -0.006284784 0.712424219
1756484432421489664.000000 0.229872495 2.591430902 0.024621472 -0.702217877 0.004479237 -0.006099542 0.711921990
1756484432787998720.000000 0.231018960 2.628054857 0.023530733 -0.703475296 0.005290137 -0.005219402 0.710680902
1756484433154451968.000000 0.241104379 2.666901827 0.023307605 -0.701018333 0.040733133 -0.040924493 0.710801959
1756484433687478272.000000 0.247610584 2.721828938 0.022381991 -0.704663336 0.042153753 -0.041799415 0.707054079
1756484434120567808.000000 0.253214121 2.762909174 0.022384515 -0.704362452 0.041393239 -0.041072812 0.707441270
1756484434520424192.000000 0.269576311 2.804042816 0.021445908 -0.700291276 0.079074450 -0.079805449 0.704961360
1756484435020868352.000000 0.280113101 2.850886583 0.021336004 -0.699689865 0.076102234 -0.077285618 0.706165314
1756484435521282048.000000 0.291457027 2.896490574 0.022266012 -0.698857903 0.076732948 -0.076798104 0.706973732
1756484435887828736.000000 0.306275249 2.932901859 0.022356201 -0.695061207 0.103997476 -0.104479067 0.703675032
1756484436221036800.000000 0.327270359 2.965720177 0.021932147 -0.688760161 0.141740486 -0.143108174 0.696447492
1756484436721241856.000000 0.349422544 3.009883165 0.021116538 -0.687607169 0.146022856 -0.148789048 0.695510983
1756484437054971392.000000 0.371901989 3.040408373 0.021375379 -0.681397617 0.178912446 -0.182924882 0.685730338
1756484437355363328.000000 0.396991760 3.064309835 0.021419326 -0.672387838 0.213999659 -0.216830283 0.674598694
1756484437722263552.000000 0.417421073 3.092161655 0.021863395 -0.671390891 0.214833304 -0.217451498 0.675126553
1756484438089085696.000000 0.441719979 3.121230364 0.021901831 -0.667548358 0.227035373 -0.230490461 0.670602977
1756484438422571008.000000 0.474429578 3.142380238 0.021876018 -0.652301848 0.266573250 -0.270461380 0.655966282
1756484438822582272.000000 0.503952503 3.168984652 0.021575764 -0.651652694 0.270265281 -0.273196608 0.653964162
1756484439222573056.000000 0.531934977 3.196014643 0.021611458 -0.650278032 0.269548208 -0.273127168 0.655655324
1756484439555899648.000000 0.564867735 3.214663267 0.022100274 -0.636252761 0.301974654 -0.306437641 0.640382588
1756484439855902208.000000 0.596708536 3.226526737 0.023196826 -0.620212555 0.332633793 -0.338210464 0.624743819
1756484440255897088.000000 0.630096674 3.245970488 0.023151588 -0.620591283 0.333360612 -0.336922526 0.624676168
1756484440723199488.000000 0.669631302 3.270480871 0.023418726 -0.621591628 0.333265156 -0.335487515 0.624504924
1756484441057373952.000000 0.697048962 3.287703276 0.022480527 -0.621375859 0.333532810 -0.335844576 0.624384761
1756484441358167552.000000 0.727091193 3.301551819 0.023976084 -0.610858500 0.354616165 -0.356282592 0.611687839
1756484441658400768.000000 0.761322558 3.308752298 0.023747873 -0.592661381 0.384740055 -0.385835797 0.593176484
1756484441858354176.000000 0.783958018 3.313202381 0.023083683 -0.578777432 0.404459834 -0.407399625 0.579184353
1756484442191600384.000000 0.813887775 3.323630095 0.022712508 -0.577521741 0.404845297 -0.408507675 0.579388022
1756484442624813312.000000 0.853039145 3.338360071 0.021468444 -0.577093899 0.403234810 -0.409947753 0.579920053
1756484442958054912.000000 0.884838521 3.348494053 0.022304660 -0.571807504 0.409207791 -0.416007698 0.576647878
1756484443191315200.000000 0.912591159 3.348563671 0.022051424 -0.554202557 0.434532702 -0.440518588 0.556762397
1756484443457891328.000000 0.940230846 3.351169586 0.021840906 -0.549096346 0.441677392 -0.447048664 0.550964534
1756484443724483328.000000 0.965160668 3.356755257 0.021310516 -0.549233079 0.441668302 -0.446805805 0.551032364
1756484443957744128.000000 0.987079918 3.361341715 0.021081876 -0.548888505 0.440978408 -0.447174907 0.551628649
1756484444224317952.000000 1.010987878 3.365633965 0.020469608 -0.546109617 0.442776591 -0.450017393 0.550633788
1756484444490926336.000000 1.042587042 3.361989975 0.020793851 -0.525088608 0.469625533 -0.475483686 0.526924193
1756484444724516608.000000 1.066532850 3.359852314 0.019817831 -0.513911426 0.480947673 -0.487507373 0.516643941
1756484444958126848.000000 1.092274547 3.355020046 0.020339753 -0.494681180 0.499857128 -0.507775426 0.497591794
1756484445225136384.000000 1.121568680 3.346821070 0.021377310 -0.473211050 0.522001565 -0.528103292 0.474017620
1756484445492127488.000000 1.148462534 3.338330746 0.021659186 -0.449442714 0.540706992 -0.550394654 0.450225443
1756484445725465088.000000 1.171866894 3.326151371 0.020558974 -0.432301462 0.554766774 -0.564497769 0.432078242
1756484446158797312.000000 1.211372852 3.316004515 0.020729564 -0.435126901 0.552155256 -0.562893867 0.434671968
1756484446358792960.000000 1.230857730 3.306698561 0.020570615 -0.418655902 0.564879060 -0.575203300 0.418066949
1756484446625462528.000000 1.255333900 3.290056229 0.020834913 -0.394496441 0.581936836 -0.592043102 0.393963158
1756484446858799872.000000 1.273457766 3.274360895 0.021825986 -0.370610714 0.595058918 -0.607949913 0.372759461
1756484447158801408.000000 1.298204541 3.250675678 0.021871386 -0.340361089 0.612845480 -0.625403583 0.342702836
1756484447392132864.000000 1.314204335 3.231284857 0.022343725 -0.316145122 0.624108732 -0.638806581 0.320104212
1756484447592137984.000000 1.329642057 3.211861372 0.022268068 -0.297434866 0.637242258 -0.645660281 0.297620207
1756484447825482240.000000 1.344132543 3.189916849 0.022487944 -0.271448314 0.647522986 -0.658155382 0.271774590
1756484448058822400.000000 1.357773066 3.168056726 0.021532306 -0.255647212 0.654707789 -0.664018631 0.255110800
1756484448392162304.000000 1.380083084 3.145033121 0.021641769 -0.257275939 0.653569520 -0.663565576 0.257559180
1756484448658822656.000000 1.397052765 3.126793146 0.021327818 -0.257974923 0.653097153 -0.663939297 0.257094651
1756484448925475840.000000 1.414686441 3.108008623 0.021890428 -0.258046597 0.653192103 -0.663801372 0.257137775
1756484449225455872.000000 1.433561444 3.085577965 0.021512059 -0.257761270 0.653461576 -0.663478255 0.257572889
1756484449492102400.000000 1.449668527 3.066870451 0.021439467 -0.258786619 0.652721047 -0.663511336 0.258335948
1756484449792095232.000000 1.469428658 3.045862198 0.020941697 -0.260245025 0.652182460 -0.663154662 0.259145737
1756484450025417984.000000 1.485322952 3.027112007 0.020645333 -0.256736904 0.654425859 -0.664095581 0.254538804
1756484450225406720.000000 1.496615529 3.004512787 0.019019647 -0.233215570 0.663506866 -0.673078120 0.228768408
1756484450525503744.000000 1.509922147 2.977972269 0.020265525 -0.217225835 0.670079350 -0.677821696 0.210628614
1756484450826207744.000000 1.527024627 2.953932762 0.019460691 -0.218275741 0.669033170 -0.677916229 0.212555707
1756484451126946048.000000 1.544446468 2.928768158 0.018898994 -0.220020801 0.669491649 -0.676519394 0.213760197
1756484451427717376.000000 1.561986685 2.904697180 0.018210158 -0.220127925 0.669939518 -0.676465809 0.212411910
1756484451661138176.000000 1.574333429 2.885209084 0.018226059 -0.212850511 0.673000336 -0.678536892 0.203354254
1756484451961054208.000000 1.583652377 2.851798534 0.018932136 -0.176099166 0.683143377 -0.689337671 0.164675042
1756484452160990976.000000 1.588162899 2.831265211 0.019931231 -0.153616577 0.685888946 -0.696730256 0.143266559
1756484452394245376.000000 1.591606498 2.805739403 0.020656569 -0.127707332 0.689963102 -0.702834785 0.116898023
1756484452927468544.000000 1.607856274 2.756582499 0.019935628 -0.129735991 0.689707100 -0.702260256 0.119596496
1756484453460680704.000000 1.623506069 2.704910755 0.019726645 -0.128149733 0.691448212 -0.700905383 0.119200684
1756484453893907712.000000 1.636829972 2.664247036 0.018582748 -0.129895687 0.691784084 -0.700214624 0.119421296
1756484454327112448.000000 1.650337934 2.624475956 0.018541170 -0.129562810 0.691673875 -0.700658858 0.117804185
1756484454693670400.000000 1.661299944 2.591820717 0.020863049 -0.127805814 0.690489173 -0.702411413 0.116226621
1756484455160188672.000000 1.675401449 2.549394131 0.020148972 -0.128342539 0.690014482 -0.702704191 0.116683856
1756484455426758400.000000 1.682672977 2.520582199 0.019085906 -0.112049744 0.694196105 -0.703994453 0.099642158
1756484455759997440.000000 1.681202650 2.482359886 0.020077685 -0.071145177 0.698624313 -0.709458649 0.059421267
1756484455993262080.000000 1.676453233 2.455072880 0.019617384 -0.042518381 0.700760722 -0.711349666 0.033292443
1756484456526480384.000000 1.678189635 2.400229692 0.020075375 -0.032758862 0.701690674 -0.711353600 0.023090195
1756484457027071488.000000 1.674085855 2.348206043 0.021049527 -0.002846719 0.702886701 -0.711257994 -0.007371757
1756484457727692544.000000 1.665190578 2.280649662 0.022432635 0.013960045 0.700600982 -0.713072896 -0.022146916
1756484460294320384.000000 1.648924112 2.032705069 0.023804953 0.010554500 0.701837242 -0.712184012 -0.010350904
1756484462927624704.000000 1.607459545 1.786955237 0.025734941 0.074132122 0.698988855 -0.706763983 -0.080023654
1756484464761003264.000000 1.565198302 1.616856933 0.022202542 -0.072792143 -0.701049447 0.705114901 0.077743687
1756484466661228032.000000 1.564910769 1.441126704 0.018386081 0.040891409 -0.706004679 0.705988288 -0.038287666
1756484466961655040.000000 1.572264552 1.414801836 0.017496258 0.052296862 -0.703292787 0.707255423 -0.049336530
1756484467295509504.000000 1.575763345 1.383514762 0.017475456 -0.052333020 0.701202810 -0.709346354 0.049026452
1756484467795904256.000000 1.582980394 1.337541699 0.017567925 -0.063501202 0.699921429 -0.708630979 0.062608190
1756484468162665728.000000 1.598657966 1.308134198 0.017767856 0.107869200 -0.696846724 0.701010525 -0.106551223
1756484468429402624.000000 1.612943053 1.289315581 0.017459173 -0.137582704 0.689234734 -0.698065102 0.136863768
1756484468729477120.000000 1.632537723 1.269161224 0.016739909 -0.172374800 0.682165861 -0.689608812 0.171395272
1756484468996209408.000000 1.648674011 1.251965761 0.016190633 -0.201214120 0.674432755 -0.681761801 0.199635237
1756484469296285184.000000 1.669189334 1.236715555 0.015434828 -0.235171109 0.663717568 -0.670585871 0.233427092
1756484469563017216.000000 1.687109947 1.224694014 0.014992664 -0.264880091 0.652094901 -0.659301817 0.264446616
1756484469696381696.000000 1.697581887 1.218620062 0.014051128 -0.279521793 0.646487176 -0.652789056 0.278905898
1756484469963110144.000000 1.718831182 1.206985474 0.015521277 -0.299201876 0.638158619 -0.644324899 0.296778202
1756484470229839616.000000 1.739258528 1.189295173 0.014060525 -0.298594624 0.638302982 -0.645239711 0.295086890
1756484470496567808.000000 1.758353114 1.173128009 0.014107030 -0.300468564 0.637409687 -0.644156575 0.297472388
1756484470796629248.000000 1.780730844 1.153677702 0.013227958 -0.300826937 0.638155818 -0.643793583 0.296294063
1756484471096690688.000000 1.803069949 1.130862117 0.013433523 0.288250238 -0.644744873 0.649131775 -0.282566637
1756484471330070528.000000 1.815140843 1.108646512 0.013845233 -0.260987014 0.653577089 -0.662678897 0.256084889
1756484471530111232.000000 1.826192856 1.086512923 0.014420388 -0.239663407 0.663557351 -0.669310689 0.232972741
1756484471763493376.000000 1.835833907 1.062719584 0.013987277 -0.214339018 0.671220779 -0.678256571 0.208541319
1756484471996876032.000000 1.844362617 1.036081910 0.014565488 -0.187287867 0.679493487 -0.686177850 0.179922000
1756484472263597568.000000 1.849958420 1.007347226 0.016080964 -0.158046409 0.686471820 -0.693607509 0.150620192
1756484472530318592.000000 1.858336806 0.982726753 0.015338065 -0.157535553 0.685695052 -0.694609821 0.150073454
1756484472763700992.000000 1.866275311 0.953911722 0.013996242 0.134784147 -0.692819059 0.697000265 -0.126592800
1756484473030422272.000000 1.866544247 0.924228609 0.015894830 -0.101054840 0.697597384 -0.703017592 0.094403923
1756484473197123328.000000 1.866613865 0.904455960 0.015709100 0.080896035 -0.700601161 0.705109835 -0.073715970
1756484473397163520.000000 1.865671277 0.881545067 0.016842069 0.057498369 -0.703375041 0.706755757 -0.049537104
1756484473597207296.000000 1.862471819 0.858570039 0.016705809 0.034705199 -0.704874754 0.708000958 -0.026111377
1756484473830593280.000000 1.856057167 0.832268238 0.018355129 0.006245367 -0.705849230 0.708330333 0.002464822
1756484474964175104.000000 1.853799582 0.722500741 0.016951805 0.026581343 -0.704639852 0.708839655 -0.017957160
1756484475197556224.000000 1.858593225 0.700100482 0.015239688 0.040111396 -0.704380333 0.708013713 -0.030921767
1756484475430937856.000000 1.860461473 0.677945316 0.016588643 -0.038559977 0.703945816 -0.708559453 0.030282788
1756484475697667840.000000 1.863301992 0.651310921 0.015326830 -0.039347332 0.703528285 -0.708917856 0.030581241
1756484475997742848.000000 1.865338683 0.622423172 0.014105462 -0.039811019 0.701682329 -0.710678458 0.031514052
1756484476264475648.000000 1.868228674 0.594260871 0.012945458 -0.039601490 0.703727067 -0.708765268 0.029185286
1756484476564548608.000000 1.870980144 0.566996932 0.012378991 -0.047462605 0.701878905 -0.709591568 0.039915629
1756484476931297792.000000 1.887930751 0.539333642 0.012629047 -0.094030038 0.698119700 -0.704581201 0.085747488
1756484477198024960.000000 1.901600242 0.521830916 0.012178130 -0.125712872 0.691681981 -0.701174557 0.118855447
1756484477431409920.000000 1.914607406 0.505822778 0.011447893 -0.151960284 0.685885608 -0.696515143 0.146067709
1756484477664799232.000000 1.927684546 0.489743501 0.009581113 -0.178257734 0.680307567 -0.689957738 0.171359733
1756484477898189056.000000 1.937603235 0.469971687 0.009131357 -0.178012073 0.678825140 -0.691031456 0.173158079
1756484478198263040.000000 1.952450037 0.444015294 0.009989487 -0.177336022 0.680141032 -0.690216720 0.171933308
1756484478464994304.000000 1.957596779 0.414867967 0.011348655 -0.143499017 0.685461700 -0.700513005 0.137229189
1756484478731722752.000000 1.960002065 0.382561594 0.011462400 -0.113816604 0.694117308 -0.702666700 0.107268609
1756484478965110784.000000 1.959772587 0.356941819 0.011672391 -0.087023899 0.696136832 -0.708059192 0.080451943
1756484479265180416.000000 1.957435012 0.322592020 0.012477210 -0.050328173 0.698157966 -0.712862611 0.043238904
1756484479631933184.000000 1.949932337 0.280253381 0.013442149 -0.008332919 0.701250374 -0.712864995 0.001435543
1756484481299006976.000000 1.855301023 0.106751576 0.014309308 0.186798543 0.676633775 -0.684919178 -0.195342809
1756484484033033472.000000 1.565805554 0.020834630 0.008344168 -0.463179857 -0.532774627 0.531342804 0.468284637
1756484486667060480.000000 1.302930117 0.000696980 0.006336120 -0.474676043 -0.519455016 0.518172264 0.486155003
1756484489201038848.000000 1.050359488 -0.020103134 0.004406895 -0.474019885 -0.521776021 0.517909765 0.484586954
1756484492070520832.000000 0.766197741 -0.051101595 0.006389244 -0.471006215 -0.519648910 0.520753741 0.486758262
1756484494770438144.000000 0.491940916 -0.073010892 0.005736654 0.469034374 0.519257307 -0.521606803 -0.488164902
1756484495237101056.000000 0.445694804 -0.078984283 0.006377288 0.467816114 0.518337190 -0.522802234 -0.489032209
1756484496103758080.000000 0.359258711 -0.089635842 0.005378276 0.460906744 0.525698960 -0.530013919 -0.479886353
1756484496837079040.000000 0.282176852 -0.090384215 0.003586731 0.476706594 0.511500597 -0.514400423 -0.496497959
1756484497303735040.000000 0.236098498 -0.090981923 0.003696688 0.477762192 0.510590315 -0.515861988 -0.494901299
1756484497670397184.000000 0.198716268 -0.091824129 0.004323108 0.477935821 0.511593044 -0.515563190 -0.494008601
1756484497937066496.000000 0.171605051 -0.089590937 0.006745360 0.477336645 0.512437403 -0.516773582 -0.492445737
1756484498237066240.000000 0.142118171 -0.088521026 0.008994997 -0.476979196 -0.514893889 0.516751468 0.490248024
1756484498537060352.000000 0.112833053 -0.088359274 0.010003187 0.476065248 0.515163720 -0.517456949 -0.490108758
1756484498803724288.000000 0.086391926 -0.088514298 0.011011852 -0.476576835 -0.516735435 0.517231286 0.488191456
1756484499003719936.000000 0.065879211 -0.088559657 0.010907670 -0.476422429 -0.518047452 0.517303526 0.486873299
1756484499270376192.000000 0.040371127 -0.090033434 0.011239863 -0.475914955 -0.518976867 0.517552793 0.486114353
1756484499570416896.000000 0.010928443 -0.092905588 0.011955428 -0.476573646 -0.519811690 0.516079843 0.486142993
1756484499871125504.000000 -0.017342735 -0.093949392 0.012786262 -0.475599140 -0.519063473 0.516341746 0.487616539
1756484500105033472.000000 -0.036523674 -0.094576322 0.011127193 -0.478666842 -0.522539139 0.512881815 0.484544337
1756484500439225088.000000 -0.032677032 -0.094678871 0.011537361 -0.475444674 -0.519710481 0.516596675 0.486807287
1756484500939440128.000000 -0.032332409 -0.094443619 0.011673374 -0.475315303 -0.520006061 0.516607344 0.486606598
1756484501139388160.000000 -0.035225175 -0.093504846 0.012478312 -0.488159299 -0.509192586 0.504248023 0.498154074
1756484501372654080.000000 -0.039573960 -0.085182935 0.012451040 -0.506693840 -0.491087854 0.484654158 0.516918242
1756484501639435264.000000 -0.040948503 -0.076557085 0.012319776 -0.526263773 -0.466723979 0.463143975 0.539177954
1756484501839887872.000000 -0.044044770 -0.069878116 0.012250531 -0.541178226 -0.450086772 0.444913417 0.553714871
1756484502040355328.000000 -0.046271414 -0.063050881 0.011833463 -0.555906415 -0.431112915 0.425940126 0.568933070
1756484502441330944.000000 -0.049833436 -0.051081598 0.010934619 -0.581961811 -0.390450269 0.388127089 0.598520219
1756484502874844928.000000 -0.052259881 -0.039300259 0.011206342 -0.608537555 -0.345691770 0.344579518 0.625655115
1756484503041430272.000000 -0.054436296 -0.035668690 0.012282610 -0.618887842 -0.327305108 0.327079803 0.634718895
1756484505073746688.000000 -0.015651448 -0.015799899 0.003298133 -0.693075716 -0.098019175 0.094423033 0.707900167
1756484505640206848.000000 -0.001332721 -0.006482196 0.004178162 -0.697925627 -0.032791931 0.029229477 0.714821815
1756484507774135296.000000 0.003561119 -0.011666477 0.003548460 -0.699144721 -0.009472026 0.005363049 0.714897335
1756484508307329024.000000 0.007007585 -0.011293003 0.004144035 -0.699044049 0.001958517 -0.006018437 0.715050697
1756484510973242880.000000 0.003299973 -0.012496094 0.003907824 -0.698930323 -0.012595899 0.008737307 0.715025485
1756484513205941504.000000 0.003234856 -0.012419904 0.003854990 -0.698910296 -0.012617508 0.008687946 0.715045333
1756484515972344832.000000 0.003277161 -0.012451918 0.003731479 -0.698861480 -0.012604943 0.008698116 0.715093076
1756484518107198976.000000 0.003397974 -0.012381174 0.003686473 -0.698812544 -0.012655423 0.008940652 0.715137064
1756484519108108800.000000 0.000020182 0.081128761 0.006193843 -0.697186112 -0.012996469 0.008864518 0.716717601
1756484521675383040.000000 0.007270056 0.336068243 0.009374546 -0.697455227 0.028372256 -0.030784870 0.715404451
1756484522208836096.000000 0.024505787 0.392397523 0.009849171 -0.696745098 0.063529938 -0.065013610 0.711536050
1756484522708949248.000000 0.033936642 0.440092027 0.010085968 -0.697247744 0.065541357 -0.065675385 0.710800052
1756484523209072896.000000 0.044186465 0.488678753 0.010166832 -0.696979403 0.066595048 -0.066840738 0.710856616
1756484523709191936.000000 0.069559574 0.538076222 0.011408390 -0.690927446 0.118047304 -0.118981510 0.703226566
1756484524209298688.000000 0.104329206 0.582706571 0.010666083 -0.678811371 0.175619513 -0.178128600 0.690393507
1756484524709409024.000000 0.131288633 0.625269413 0.011235965 -0.677423596 0.182762176 -0.184206635 0.688304663
1756484525209532928.000000 0.159122854 0.666525006 0.011959342 -0.671650112 0.197164237 -0.199740976 0.685649991
1756484525742998272.000000 0.206096008 0.703318298 0.013358773 -0.653266251 0.255287290 -0.258770883 0.664160609
1756484526243119360.000000 0.252591848 0.733460903 0.012888748 -0.640234888 0.290519863 -0.291638672 0.648571134
1756484526743247616.000000 0.289094478 0.765470147 0.013437591 -0.639023960 0.291156292 -0.293805003 0.648502231
1756484527243396864.000000 0.326436609 0.798762739 0.013141033 -0.641572714 0.290839612 -0.292044222 0.646921098
1756484527743889408.000000 0.362378627 0.830103695 0.012921368 -0.642219722 0.290897191 -0.290526539 0.646936715
1756484528278675712.000000 0.392128110 0.868888736 0.012450063 -0.651369929 0.267595559 -0.267874151 0.657535851
1756484528779599616.000000 0.426724494 0.904006064 0.012249217 -0.651661634 0.267063916 -0.267244250 0.657719135
1756484529279601408.000000 0.456967711 0.938468337 0.013271902 -0.655778766 0.255961418 -0.256460577 0.662318707
1756484529812928768.000000 0.480986416 0.981343448 0.012621656 -0.663197100 0.230941683 -0.233321384 0.672604501
1756484530346249216.000000 0.511814654 1.023241639 0.011778835 -0.666177928 0.224467009 -0.227168664 0.673955441
1756484530879564288.000000 0.529295146 1.070818305 0.011182692 -0.678549767 0.185739964 -0.188501850 0.685228407
1756484531412870400.000000 0.554120600 1.114709139 0.011628833 -0.676958323 0.186551765 -0.189775839 0.686229587
1756484531979517440.000000 0.577208757 1.165830255 0.011452678 -0.683687389 0.164651349 -0.166827455 0.691107929
1756484532512826624.000000 0.592493415 1.208699942 0.012372649 -0.682551265 0.150130540 -0.154059440 0.698462903
1756484533079485184.000000 0.615790367 1.260683417 0.012286466 -0.684139371 0.148594216 -0.151551783 0.697785914
1756484533612800000.000000 0.621840239 1.311064005 0.011839853 -0.692820489 0.104513392 -0.108015925 0.705272555
1756484534146137856.000000 0.635112762 1.360335708 0.011922991 -0.692988276 0.101812914 -0.105918258 0.705820680
1756484534679462656.000000 0.650539815 1.410348415 0.012538832 -0.691800892 0.101669192 -0.104686528 0.707188606
1756484535212782336.000000 0.656434596 1.460407615 0.012960848 -0.695103049 0.077856191 -0.081092961 0.710066319
1756484535779428864.000000 0.667717397 1.513522744 0.013389620 -0.693733573 0.076539040 -0.079277620 0.711751759
1756484536346081792.000000 0.674008191 1.569123626 0.013617664 -0.697878122 0.055586424 -0.058037613 0.711693764
1756484536912741120.000000 0.668013930 1.622267008 0.013186143 -0.700566649 0.011983360 -0.014609916 0.713336825
1756484539612678656.000000 0.583633065 1.782530427 0.011817269 -0.685064793 -0.151563495 0.148514897 0.696891785
1756484542245992448.000000 0.414080679 1.806912065 0.013563993 -0.570128739 -0.407413840 0.405110270 0.587241828
1756484544313722112.000000 0.218087599 1.845999956 0.011789081 -0.543291569 -0.440928310 0.439871818 0.562964737
1756484546848100864.000000 0.201362655 1.918607712 0.013664000 -0.669593751 -0.203675896 0.201071769 0.685368896
1756484548948618752.000000 0.252497584 1.958488107 0.017516371 -0.698538065 0.039153863 -0.042820703 0.713216722
1756484549448745472.000000 0.267808348 1.962215900 0.017723255 -0.694025874 0.097493254 -0.101653740 0.706038117
1756484549982216192.000000 0.284437358 1.961686850 0.020082582 -0.683322072 0.159499288 -0.163778171 0.693403006
1756484550515687936.000000 0.300596803 1.957231998 0.022196963 -0.666588187 0.220189825 -0.224317044 0.675913155
1756484551049153280.000000 0.316283852 1.951768875 0.021884318 -0.645208716 0.278957903 -0.282055378 0.652941823
1756484551549274880.000000 0.327510118 1.939050555 0.023793405 -0.620197952 0.330633104 -0.333383054 0.628404319
1756484552049393408.000000 0.339405417 1.928751945 0.026171183 -0.592493832 0.379662931 -0.383062631 0.598389745
1756484552549512192.000000 0.354944766 1.918829560 0.019719061 -0.558350205 0.427719593 -0.431734979 0.564717531
1756484553082979840.000000 0.408951908 1.911063075 0.020978147 -0.516053438 0.477031797 -0.481523603 0.523702800
1756484553583107584.000000 0.460617572 1.905012608 0.021841289 -0.501302660 0.494818300 -0.497932643 0.505879045
1756484554083227392.000000 0.507900000 1.904607654 0.022102270 -0.501300037 0.494049996 -0.497195274 0.507355690
1756484554616687104.000000 0.559767008 1.903783083 0.019913049 -0.500924468 0.493416667 -0.498139054 0.507417142
1756484555116806144.000000 0.609273374 1.903218269 0.019604173 -0.501840234 0.494762361 -0.497206837 0.506114662
1756484555650264576.000000 0.661076307 1.902692437 0.019207373 -0.501540184 0.495286614 -0.498327583 0.504795194
1756484556183721216.000000 0.713298082 1.902584434 0.018121636 -0.500672102 0.495847642 -0.500195742 0.503256202
1756484556683836928.000000 0.760768354 1.901360750 0.017941006 -0.500402927 0.496336818 -0.499764532 0.503470123
1756484557183959296.000000 0.810376048 1.900428534 0.015894566 -0.500483811 0.495955586 -0.501152515 0.502384365
1756484557684081920.000000 0.858711421 1.898693919 0.015410706 -0.499496460 0.496268392 -0.501993895 0.502218187
1756484558184205568.000000 0.907733619 1.898865700 0.014174117 -0.498955488 0.496169746 -0.502628803 0.502218425
1756484558684330240.000000 0.955944777 1.897155762 0.013839545 -0.496353984 0.497160286 -0.504309058 0.502132237
1756484559217798144.000000 1.006768227 1.897203922 0.013465352 -0.495027572 0.495820940 -0.506964207 0.502092361
1756484559718149120.000000 1.054984450 1.894369006 0.013566419 -0.492812723 0.495926499 -0.508512437 0.502600908
1756484560219498752.000000 1.104120135 1.893914938 0.013881991 -0.491600156 0.496621072 -0.510497332 0.501088262
1756484560720666112.000000 1.153518438 1.893441439 0.013068931 -0.491300017 0.497461230 -0.510525465 0.500520170
1756484561287315712.000000 1.208404183 1.891049147 0.012787372 -0.490208507 0.498570293 -0.510072649 0.500948191
1756484561853960704.000000 1.262629271 1.896100640 0.012441278 -0.508751273 0.481385887 -0.490809470 0.518214166
1756484562387278336.000000 1.315310359 1.896900177 0.012259142 -0.505842388 0.485110760 -0.493171901 0.515337408
1756484562820593920.000000 1.356549621 1.898790479 0.013099302 -0.506397009 0.483973324 -0.493790984 0.515269339
1756484563320568832.000000 1.403410435 1.901783347 0.012501074 -0.504208565 0.484374106 -0.495101154 0.515781283
1756484563753881344.000000 1.444467187 1.907897115 0.012253186 -0.513620436 0.473289579 -0.487075597 0.524355352
1756484564253880064.000000 1.492709875 1.910668135 0.012476873 -0.511678338 0.475622475 -0.489502698 0.521877110
1756484564820535552.000000 1.545420051 1.915509820 0.014543526 -0.511132360 0.473710209 -0.489902794 0.523772597
1756484565353853696.000000 1.597732663 1.918533683 0.014908491 -0.512694716 0.474411309 -0.489176780 0.522287309
1756484565753840384.000000 1.636870861 1.920264721 0.015539614 -0.514132321 0.474462539 -0.488247991 0.521696448
1756484566153838080.000000 1.677387714 1.923487067 0.017782986 -0.516579807 0.476452112 -0.484668612 0.520802319
1756484566520494336.000000 1.715266466 1.925430536 0.019185873 -0.517385662 0.478845179 -0.482912689 0.519436955
1756484566887468288.000000 1.750456452 1.927324176 0.019195320 -0.516374350 0.479803443 -0.481916815 0.520482779
1756484567321417216.000000 1.794409394 1.929879904 0.019518264 -0.516633093 0.480797023 -0.482321262 0.518932223
1756484567821911296.000000 1.841619253 1.934323788 0.017334241 -0.516953409 0.478578120 -0.480882555 0.521990597
1756484568188517376.000000 1.869297266 1.950086355 0.017802799 -0.547078431 0.443738282 -0.445464373 0.552596629
1756484568488458752.000000 1.890082121 1.964897752 0.017792277 -0.567907095 0.415053189 -0.418537676 0.574489892
1756484568888388096.000000 1.917475224 1.986989737 0.017330894 -0.593088746 0.377530515 -0.379313231 0.601529658
1756484569221665536.000000 1.947264791 1.999476671 0.018397875 -0.590937555 0.379264653 -0.382000238 0.600855231
1756484569621584384.000000 1.981866598 2.015356541 0.019530483 -0.590384007 0.379953235 -0.381439209 0.601320505
1756484569988187392.000000 2.013997793 2.030774117 0.019146210 -0.590808630 0.380738080 -0.382515758 0.599721134
1756484570354779648.000000 2.022055149 2.039380550 0.018698886 -0.601323724 0.362329394 -0.366142809 0.610791922
1756484570754694400.000000 2.011315107 2.047413349 0.017134728 -0.623043776 0.322587997 -0.327218413 0.632994115
1756484571054650880.000000 2.002116442 2.050874949 0.018507447 -0.637893677 0.288834870 -0.294178039 0.650480926
1756484571321270528.000000 1.993511677 2.054041386 0.019273348 -0.651524007 0.259742200 -0.262594342 0.662642241
1756484571621209856.000000 1.984383225 2.054960012 0.018693127 -0.663334727 0.227420822 -0.230091184 0.674777627
1756484571887842304.000000 1.975960493 2.056960583 0.017316222 -0.671963573 0.197739094 -0.201533228 0.684652209
1756484572187800320.000000 1.966093302 2.056194305 0.018446434 -0.680490434 0.164045542 -0.168243945 0.694057584
1756484572554404608.000000 1.954521298 2.054167271 0.017909847 -0.688694417 0.120676324 -0.125833586 0.703777790
1756484572754374656.000000 1.948640108 2.054531813 0.018796597 -0.693370163 0.096650660 -0.101306997 0.706847548
1756484573120996608.000000 1.939195991 2.052704096 0.018830832 -0.697614491 0.054254729 -0.058331762 0.712030828
1756484573587589376.000000 1.929440618 2.046819210 0.017867204 -0.698155940 -0.000650901 -0.000970583 0.715944827
1756484575087354880.000000 1.894274950 2.017317772 0.015113377 -0.675192475 -0.175438926 0.175271243 0.694706023
1756484575653934336.000000 1.883912086 2.001824379 0.013920622 -0.655918002 -0.239680752 0.238934562 0.674711108
1756484578288783616.000000 1.755666375 1.941421151 0.010368127 -0.485265344 -0.504160702 0.504267931 0.506017148
1756484580922351104.000000 1.496770263 1.929764748 0.009082404 -0.475589931 -0.519457340 0.520153582 0.483134240
1756484583856809472.000000 1.213606238 1.912302613 0.007647998 0.474853933 0.516909480 -0.520844460 -0.485838860
1756484586390707456.000000 0.963844240 1.896793127 0.006478822 -0.480301440 -0.514083862 0.514226377 0.490509540
1756484588424584192.000000 0.769133866 1.888213515 0.009395435 0.480585426 0.510223448 -0.513350308 -0.495157808
1756484590758508800.000000 0.540493429 1.876192331 0.013154467 0.480743617 0.509444356 -0.511784434 -0.497422218
1756484592292230400.000000 0.383775800 1.868291378 0.012600767 -0.481810927 -0.510329008 0.508422494 0.498928070
1756484592692337408.000000 0.343750268 1.867879033 0.012190199 -0.481465489 -0.509631813 0.509006619 0.499378294
1756484593059079680.000000 0.306398153 1.868742228 0.011858325 -0.481565922 -0.510754049 0.509400249 0.497730851
1756484593425820672.000000 0.270943433 1.869814396 0.011823841 -0.482285708 -0.507340908 0.508730114 0.501197994
1756484593792563968.000000 0.228845492 1.881217360 0.012616015 -0.516749859 -0.473563701 0.473317027 0.533552289
1756484594192651008.000000 0.184452236 1.898757219 0.013781467 -0.548205853 -0.436501831 0.434771687 0.565606058
1756484596393141248.000000 0.132064000 2.016915560 0.015149085 -0.668705583 -0.209656790 0.206823722 0.682715774
1756484598426935552.000000 0.181429103 2.058148623 0.017672017 -0.700027287 0.026791897 -0.030048903 0.712980449
1756484598993739008.000000 0.205513671 2.089365005 0.020254008 -0.697345316 0.095661029 -0.098928787 0.703400016
1756484599527189760.000000 0.225226536 2.113200665 0.022227202 -0.683297098 0.148011833 -0.154645056 0.698056221
1756484600060643072.000000 0.244502395 2.113813162 0.021144740 -0.670238495 0.209426865 -0.214485317 0.678908587
1756484600560757760.000000 0.258593917 2.107075691 0.022648845 -0.650621533 0.263970673 -0.268880427 0.659328759
1756484601094221056.000000 0.274419934 2.100104809 0.024435481 -0.626101494 0.319810182 -0.324957758 0.632551074
1756484601594345216.000000 0.283638060 2.088588715 0.027409179 -0.597911835 0.371773899 -0.375036240 0.603020370
1756484602127816704.000000 0.298266917 2.079345703 0.025169035 -0.562639117 0.423406363 -0.427621424 0.566837072
1756484602694631936.000000 0.308837116 2.065497398 0.023886284 -0.520477176 0.473491967 -0.478622884 0.525194287
1756484603194771712.000000 0.362244368 2.048747063 0.024425356 0.477891177 -0.517044127 0.521331847 -0.482181013
1756484603728257024.000000 0.415726840 2.045826674 0.022998221 0.494909108 -0.504812837 0.505434334 -0.494737506
1756484604228377856.000000 0.460551500 2.051400185 0.022664567 -0.504326940 0.493152440 -0.495658547 0.506732285
1756484604728497664.000000 0.507921934 2.050212383 0.022674168 -0.503997743 0.492609531 -0.496141195 0.507115364
1756484605261952512.000000 0.558438957 2.053102732 0.021484392 -0.511557639 0.485856026 -0.488978535 0.512984157
1756484605762067712.000000 0.607507706 2.056550026 0.020053599 -0.518973589 0.479499549 -0.481396258 0.518656254
1756484606295532032.000000 0.658826947 2.061256409 0.019493539 -0.521955967 0.476414353 -0.479867935 0.519921362
1756484606828995584.000000 0.707148552 2.068699121 0.018127134 -0.528925240 0.466349185 -0.471415699 0.529644966
1756484607362453248.000000 0.755498350 2.080377579 0.017365033 -0.543467164 0.448902011 -0.454380989 0.544672608
1756484607862589952.000000 0.806788683 2.079408884 0.017014477 -0.519682050 0.474466383 -0.482543230 0.521502078
1756484608362768128.000000 0.857575953 2.078416586 0.016384941 -0.518614233 0.476509541 -0.481883645 0.521311998
1756484608862928384.000000 0.905157268 2.080901623 0.017409120 -0.517843962 0.476477414 -0.483472228 0.520635724
1756484609363047936.000000 0.954605877 2.083688498 0.016010284 -0.517665088 0.476253778 -0.483566970 0.520930231
1756484609863164672.000000 1.003456831 2.085299253 0.015217507 -0.515343666 0.475356936 -0.485361159 0.522380471
1756484610363279360.000000 1.051120400 2.087981701 0.014064670 -0.514269352 0.474570215 -0.485920757 0.523632646
1756484610863389696.000000 1.100611091 2.090510130 0.014301300 -0.514343262 0.474548042 -0.486358345 0.523173809
1756484611363492608.000000 1.149827003 2.093016386 0.014857607 -0.514630675 0.473964661 -0.486545831 0.523245573
1756484611863593728.000000 1.200637341 2.094960928 0.014168700 -0.514748394 0.475694060 -0.487309784 0.520844042
1756484612363693056.000000 1.251085639 2.097359896 0.013446610 -0.514053941 0.477218509 -0.489022970 0.518524528
1756484612897136128.000000 1.304095149 2.099322796 0.014243985 -0.513725162 0.477328777 -0.488689482 0.519062877
1756484612963816704.000000 1.309988379 2.099329948 0.013876991 -0.513638079 0.477187365 -0.488985389 0.519000530
1756484613463926272.000000 1.358892083 2.101461411 0.014806991 -0.513147652 0.477146864 -0.489706874 0.518842518
1756484613964039168.000000 1.406997204 2.104281187 0.015373964 -0.510784924 0.477277398 -0.491331249 0.519517720
1756484614464155136.000000 1.456094742 2.106991529 0.017312687 -0.510593235 0.478161335 -0.492828071 0.517471433
1756484614964261888.000000 1.507093668 2.108288765 0.019565681 -0.510577321 0.480192691 -0.491954416 0.516436458
1756484615497698816.000000 1.558220148 2.109397650 0.019633083 -0.508961082 0.480698526 -0.492821723 0.516734362
1756484615997803520.000000 1.606138945 2.110770941 0.019728906 -0.507920384 0.479512930 -0.495133162 0.516650200
1756484616531252736.000000 1.657849789 2.111086845 0.019764373 -0.507250249 0.479948372 -0.494165242 0.517829597
1756484617031364096.000000 1.709134459 2.113234997 0.019221734 -0.507370532 0.482556969 -0.493638664 0.515785694
1756484617564817664.000000 1.761365414 2.115597963 0.019420652 -0.508491635 0.482598931 -0.492365181 0.515859604
1756484618064943616.000000 1.811765194 2.118019819 0.019874960 -0.508377373 0.485542625 -0.490380287 0.515100062
1756484618565075456.000000 1.860967278 2.119206429 0.019878326 -0.509398341 0.487373859 -0.488992393 0.513679445
1756484619065197568.000000 1.908152342 2.121241093 0.019880697 -0.509137690 0.486942500 -0.489035606 0.514305234
1756484619565316096.000000 1.933652878 2.125142097 0.020351134 -0.521660089 0.472137988 -0.475085825 0.528441131
1756484620065440256.000000 1.922633171 2.138999462 0.020485884 -0.558144748 0.427875906 -0.430017084 0.566111326
1756484620565568768.000000 1.912009954 2.150816441 0.020308107 -0.590452373 0.375094563 -0.380102605 0.605138183
1756484621065678592.000000 1.937953949 2.182665586 0.020844959 -0.625826240 0.323239475 -0.324365228 0.631383359
1756484621565780992.000000 1.922973514 2.185947180 0.022088192 -0.646223605 0.274025530 -0.275906175 0.656643748
1756484622099245312.000000 1.906161308 2.190802336 0.020311190 -0.666962981 0.213621780 -0.217803627 0.679770350
1756484622632718336.000000 1.891827345 2.192041636 0.021693518 -0.684159875 0.153706565 -0.155619130 0.695760250
1756484623132832768.000000 1.874765873 2.189870358 0.022299770 -0.694060862 0.094930790 -0.098008744 0.706867754
1756484623632943360.000000 1.865986228 2.225787163 0.021356381 -0.696902335 0.032039251 -0.034511805 0.715618312
1756484625666813952.000000 1.792281866 2.242651939 0.016680110 -0.674595058 -0.203965306 0.199491307 0.680825233
1756484628334110720.000000 1.743179202 2.169057131 0.013700455 -0.515813291 -0.472799003 0.476395369 0.532395720
1756484630968080384.000000 1.486061931 2.165200949 0.009837529 -0.492725283 -0.503886759 0.500651717 0.502660751
1756484633502030336.000000 1.241115808 2.156055927 0.008533239 -0.484060317 -0.510364711 0.509663820 0.495435536
1756484636171567872.000000 0.983347058 2.145389080 0.008253761 -0.485357702 -0.510358214 0.508697152 0.495166242
1756484638904848384.000000 0.720023096 2.133369923 0.011633371 -0.484217495 -0.508795738 0.510509312 0.496024758
1756484641571460864.000000 0.456474185 2.129206896 0.016176317 -0.492569983 -0.497190028 0.503328860 0.506790936
1756484642104815616.000000 0.402668625 2.127050638 0.015223720 -0.490884751 -0.498561710 0.504189134 0.506222963
1756484642638173184.000000 0.346623212 2.126949310 0.013961483 -0.493844062 -0.498213202 0.500922322 0.506930411
1756484643138168576.000000 0.296520859 2.127060175 0.014030387 -0.492990166 -0.499015361 0.501331210 0.506568313
1756484643571482368.000000 0.253108293 2.127489567 0.013937471 -0.492503583 -0.499089271 0.500899434 0.507395267
1756484644104793600.000000 0.240185052 2.138049364 0.013063668 -0.526902735 -0.462674916 0.463789701 0.541483700
1756484644538100224.000000 0.237094089 2.151919365 0.013959083 -0.560372591 -0.422281444 0.422657400 0.573604107
1756484647171336448.000000 0.259199589 2.232517958 0.017402921 -0.687068939 -0.140420958 0.139107734 0.699190438
1756484649371267072.000000 0.279649347 2.355588913 0.020687245 -0.702559173 0.012139033 -0.016297922 0.711335123
1756484649871465984.000000 0.294950873 2.360801458 0.021907616 -0.700644791 0.070131347 -0.074329585 0.706154108
1756484650372192768.000000 0.310026675 2.361191988 0.023117349 -0.692736566 0.128621429 -0.132810444 0.697089612
1756484650872776192.000000 0.324632585 2.363800764 0.021284906 -0.678984880 0.186525717 -0.191606641 0.683721185
1756484651406228736.000000 0.341801465 2.357359648 0.022643384 -0.660678387 0.245913178 -0.250715107 0.663455129
1756484651939681792.000000 0.358165205 2.350356340 0.023405550 -0.636662662 0.304018319 -0.308842897 0.637847722
1756484652439795200.000000 0.370297223 2.336414576 0.023852771 -0.609122872 0.353099018 -0.359275967 0.612544894
1756484652973253888.000000 0.382464170 2.328048229 0.027309960 -0.576668799 0.408667654 -0.411138237 0.575681567
1756484653506720256.000000 0.393306077 2.316094398 0.027916413 -0.538117945 0.458243817 -0.461409330 0.536230505
1756484654006840320.000000 0.407295108 2.301597834 0.025641881 -0.489394724 0.497962594 -0.512417018 0.499954879
1756484654540297728.000000 0.470237821 2.290039062 0.023972200 0.483257562 -0.518248320 0.519515455 -0.477477193
1756484655073747200.000000 0.520305574 2.288589954 0.022713078 0.490249187 -0.510401845 0.513239861 -0.485520929
1756484655573850880.000000 0.567894280 2.288506508 0.021929855 -0.500535607 0.500379086 -0.502402544 0.496665418
1756484656107331072.000000 0.619510412 2.285779715 0.022202995 0.497785747 -0.502520025 0.503966987 -0.495681673
1756484656640829440.000000 0.669273198 2.288506746 0.021110112 -0.510725319 0.488797754 -0.492211044 0.507902205
1756484657174295040.000000 0.717445076 2.290957928 0.020994972 -0.512848616 0.483288050 -0.489459336 0.513662040
1756484657674413312.000000 0.766691029 2.291537762 0.020211648 -0.512029290 0.482819468 -0.490198106 0.514215112
1756484658174544128.000000 0.814807296 2.292785645 0.019089337 -0.511286020 0.483105570 -0.491332948 0.513602614
1756484658708021504.000000 0.867132664 2.293361425 0.018775184 -0.510860085 0.482348859 -0.491175503 0.514886618
1756484659241481216.000000 0.920563877 2.294098377 0.018249242 -0.510701656 0.483506799 -0.491424382 0.513718963
1756484659741600512.000000 0.969556689 2.294147015 0.017776852 -0.510095358 0.483416885 -0.491824120 0.514023244
1756484660275065088.000000 1.021436095 2.296200752 0.018617397 -0.509164035 0.483506322 -0.492445618 0.514267325
1756484660808530176.000000 1.074168324 2.295793295 0.017186591 -0.508912086 0.484040171 -0.492361784 0.514094830
1756484661341995776.000000 1.125886440 2.296761036 0.017363459 -0.506758511 0.482216239 -0.493828565 0.516523600
1756484661908800256.000000 1.186146736 2.298529148 0.017537117 -0.508344114 0.485239834 -0.491930872 0.513938367
1756484662408918528.000000 1.236335754 2.299394131 0.018369202 -0.507739186 0.484657258 -0.492637098 0.514409423
1756484662909040896.000000 1.286772966 2.300373793 0.018895630 -0.507161379 0.484838665 -0.491904944 0.515507817
1756484663409170688.000000 1.336316824 2.301690578 0.019877559 -0.507313371 0.484178692 -0.492223680 0.515674353
1756484663942637056.000000 1.389450550 2.302740574 0.020241300 -0.506051064 0.483280569 -0.492732406 0.517268836
1756484664476093440.000000 1.442511916 2.303393126 0.020863866 -0.506347120 0.484686643 -0.492960066 0.515443325
1756484665009544448.000000 1.494197845 2.305028439 0.021223383 -0.505080044 0.483774096 -0.494013786 0.516533852
1756484665509650432.000000 1.542857885 2.306057453 0.021112151 -0.504009604 0.483018398 -0.495593250 0.516773522
1756484666043100416.000000 1.595412612 2.306920290 0.022013364 -0.505311310 0.484214753 -0.493773699 0.516124010
1756484666576551936.000000 1.649108291 2.307232618 0.022616928 -0.503800213 0.487192750 -0.494887888 0.513726175
1756484667076664576.000000 1.698496699 2.309423923 0.021054981 -0.506118894 0.486816913 -0.496436954 0.510297358
1756484667610118912.000000 1.750740051 2.310938120 0.020987805 -0.506391466 0.487130135 -0.497364521 0.508822680
1756484668143568384.000000 1.802501917 2.311625004 0.019037971 -0.505351126 0.485877156 -0.499650955 0.508814931
1756484668710357504.000000 1.857515097 2.312185287 0.020288933 -0.505703986 0.485539317 -0.498491198 0.509923220
1756484669210473984.000000 1.903853297 2.312289715 0.022229856 -0.505813420 0.485255986 -0.497962981 0.510600090
1756484669710590976.000000 1.918310046 2.322589874 0.022643790 -0.535893440 0.453692228 -0.463260621 0.540713727
1756484670210702848.000000 1.907917976 2.334772587 0.022796921 -0.572811961 0.407414347 -0.416378289 0.576653421
1756484670710813952.000000 1.898034811 2.344461918 0.024502845 -0.604070544 0.354558676 -0.364773244 0.613455296
1756484671210934016.000000 1.921301484 2.381855249 0.023136573 -0.637347937 0.307477295 -0.312440485 0.633740008
1756484671744396544.000000 1.905534744 2.385327339 0.022042505 -0.657495320 0.253166586 -0.260497451 0.660111845
1756484672277870080.000000 1.906246185 2.418442965 0.021138866 -0.679491162 0.189392805 -0.197137579 0.680851698
1756484672778003456.000000 1.895094991 2.422392607 0.019340083 -0.691948056 0.138655946 -0.147498623 0.692983806
1756484673344816384.000000 1.874324918 2.419098854 0.018970840 -0.701015055 0.070573151 -0.080280758 0.705090344
1756484673844942080.000000 1.863086224 2.424237013 0.018476393 -0.703709662 0.015621304 -0.022186358 0.709969342
1756484676412193280.000000 1.806751728 2.369483471 0.014183369 -0.646962225 -0.273619831 0.278114587 0.655152202
1756484678548385792.000000 1.633888364 2.370846272 0.010830357 -0.504766345 -0.487210453 0.490747720 0.516723931
1756484681348373760.000000 1.361177921 2.346163511 0.011878483 -0.479013711 -0.515821218 0.514139771 0.490035266
1756484684115008512.000000 1.093321085 2.327953100 0.010269060 -0.478657335 -0.517009437 0.512706935 0.490632266
1756484686848282624.000000 0.831691563 2.312354803 0.011581917 0.477089971 0.514141202 -0.516313016 -0.491390735
1756484689581614848.000000 0.562495112 2.301076651 0.014382029 -0.494751930 -0.493817508 0.499520868 0.511706710
1756484692281633536.000000 0.302375466 2.432558060 0.016282376 -0.609782159 -0.344083220 0.347552180 0.623682559
1756484694816667648.000000 0.089088164 2.562600851 0.018345827 -0.608600378 -0.343953609 0.345164686 0.626229048
1756484697383930624.000000 0.065191917 2.649127007 0.018889569 -0.690007806 -0.123250283 0.122000590 0.702719331
1756484698984318720.000000 0.111338370 2.675123930 0.021115046 -0.699833512 0.063648000 -0.066550337 0.708345294
1756484699484445696.000000 0.126235008 2.675554752 0.021861032 -0.692573786 0.121998161 -0.126027510 0.699696481
1756484699984573952.000000 0.141346380 2.674422264 0.023588220 -0.681181312 0.179524869 -0.182199672 0.685978293
1756484700518043648.000000 0.156307951 2.670183420 0.024264079 -0.662318945 0.240262687 -0.243488103 0.666574180
1756484701018171648.000000 0.171278685 2.665380239 0.024975754 -0.639971077 0.294560492 -0.297218740 0.644462705
1756484701551642880.000000 0.186497718 2.655337811 0.026985807 -0.612061858 0.349190623 -0.352363408 0.615862191
1756484702051760128.000000 0.199829876 2.644931316 0.025425585 -0.581522286 0.399374276 -0.402034044 0.583695650
1756484702551869696.000000 0.204925954 2.631946802 0.026181048 -0.546370983 0.445724785 -0.448712260 0.549058735
1756484703085339904.000000 0.214081228 2.618646860 0.026601361 -0.504283726 0.492852777 -0.495665193 0.507060349
1756484703585480704.000000 0.259335220 2.613518715 0.028304122 0.495097548 -0.501900077 0.506330073 -0.496592999
1756484704118938624.000000 0.311471671 2.611763000 0.027269391 0.495741099 -0.503489137 0.505635679 -0.495047510
1756484704619044352.000000 0.355547220 2.623155832 0.026278919 -0.521563828 0.478107810 -0.479822457 0.518800974
1756484705152503808.000000 0.407668829 2.625833511 0.026177242 -0.520056963 0.478419960 -0.481604367 0.518374741
1756484705652627200.000000 0.455998361 2.628745079 0.025608340 -0.519401371 0.478302300 -0.483041376 0.517803311
1756484706186096640.000000 0.510749638 2.632388592 0.023829769 -0.519159973 0.479213685 -0.483379662 0.516886115
1756484706686226944.000000 0.557918608 2.635406017 0.023654256 -0.518112600 0.479730457 -0.485011429 0.515928268
1756484707253033472.000000 0.614781082 2.637737989 0.023000825 -0.518079579 0.480382830 -0.484609753 0.515731871
1756484707753157888.000000 0.662433624 2.639063597 0.023133313 -0.515835404 0.481497228 -0.486161649 0.515481412
1756484708287998720.000000 0.713903725 2.640423775 0.022832807 -0.514920056 0.480480075 -0.485982686 0.517510533
1756484708856093952.000000 0.770804942 2.642389059 0.022951828 -0.514745831 0.482835889 -0.485404044 0.516032100
1756484709456073728.000000 0.829041719 2.644403458 0.022721637 -0.515405655 0.481701791 -0.485053658 0.516762376
1756484710022716160.000000 0.886199892 2.646997452 0.022695139 -0.515017629 0.481865048 -0.486566395 0.515573680
1756484710622686208.000000 0.943625391 2.648847818 0.022581410 -0.514494002 0.479180455 -0.486297667 0.518841624
1756484711222660608.000000 1.002342701 2.650364637 0.022164868 -0.514357924 0.478479415 -0.486919105 0.519040704
1756484711789304832.000000 1.058799624 2.653823614 0.022198753 -0.515037119 0.476819307 -0.485855609 0.520888150
1756484712289313536.000000 1.107437611 2.656904697 0.022131657 -0.514081478 0.475195527 -0.486980379 0.522264004
1756484712889306112.000000 1.168465853 2.660796404 0.022098767 -0.514561713 0.475656182 -0.487552762 0.520835698
1756484713422615040.000000 1.219864845 2.663481712 0.022191776 -0.514287293 0.473089665 -0.486767769 0.524167895
1756484713989250560.000000 1.277392268 2.667019606 0.022676913 -0.515776396 0.474454761 -0.485835135 0.522332847
1756484714555892224.000000 1.333650470 2.670461416 0.022565192 -0.518050432 0.473033875 -0.484138072 0.522946417
1756484715089203712.000000 1.385088801 2.674520969 0.022011027 -0.517682552 0.472444117 -0.484456480 0.523548841
1756484715655842816.000000 1.438431144 2.680135250 0.022590972 -0.519872487 0.469030797 -0.481760621 0.526924551
1756484716222504192.000000 1.496301055 2.685573101 0.021341618 -0.521862626 0.469476879 -0.480429620 0.525773942
1756484716789159680.000000 1.554820061 2.690762520 0.020483216 -0.525918305 0.470682234 -0.477888465 0.522963524
1756484717322543360.000000 1.608685255 2.697054625 0.019645721 -0.527232528 0.472002447 -0.478372663 0.519999206
1756484717822576640.000000 1.654680490 2.701668262 0.019731384 -0.527856529 0.469737738 -0.476780504 0.522871315
1756484718389218560.000000 1.680961967 2.708994389 0.019704409 -0.541886687 0.453513026 -0.459695816 0.537926197
1756484718922529536.000000 1.668985128 2.721516848 0.020127412 -0.578070402 0.404347301 -0.411586881 0.577004433
1756484719489215488.000000 1.654764414 2.732581854 0.020680549 -0.613313794 0.350289255 -0.356492758 0.611601651
1756484720022545920.000000 1.639117241 2.741135597 0.020963244 -0.639457941 0.295738518 -0.300789565 0.642773688
1756484720589179904.000000 1.651733279 2.783371925 0.020595521 -0.669961035 0.224332526 -0.226470128 0.670476258
1756484721155810816.000000 1.645766616 2.795597792 0.021561129 -0.686494172 0.170140713 -0.172044128 0.685695887
1756484721722428928.000000 1.626667976 2.794430017 0.017217679 -0.697997212 0.103718087 -0.105282865 0.700683951
1756484722255729664.000000 1.616029382 2.831131697 0.018277012 -0.702358663 0.036524754 -0.039737117 0.709774137
1756484724857175552.000000 1.557653666 2.782913208 0.017072421 -0.654890120 -0.259028465 0.260749400 0.660327911
1756484726957631232.000000 1.476296186 2.747653008 0.016125854 -0.540064991 -0.443807691 0.454730958 0.551891625
1756484729658205440.000000 1.212660789 2.761893749 0.014658044 -0.509872198 -0.483877599 0.485424668 0.519861281
1756484732225445632.000000 0.962103665 2.769106627 0.011895239 0.492455095 0.502494752 -0.504432619 -0.500534534
1756484734826144512.000000 0.716933787 2.758240700 0.013266121 0.460152537 0.530193686 -0.532892108 -0.472419679
1756484737526869504.000000 0.453443259 2.727622271 0.015375375 -0.462183744 -0.528947592 0.530453384 0.474573493
1756484738560435968.000000 0.351519644 2.716706038 0.015497255 0.461685210 0.529050171 -0.531399906 -0.473884821
1756484739560678656.000000 0.253110379 2.708106756 0.015218331 0.459049523 0.527645946 -0.534481883 -0.474544525
1756484740060804608.000000 0.203324065 2.703525066 0.016119409 0.459953636 0.528230309 -0.533796489 -0.473789841
1756484740560931840.000000 0.173472658 2.703764677 0.015675291 0.473756135 0.512549579 -0.521618068 -0.490675807
1756484741094400512.000000 0.163279578 2.718715429 0.016053114 -0.519537568 -0.468206346 0.474696279 0.534347236
1756484743661699328.000000 0.163284451 2.794126272 0.017873470 -0.670962811 -0.204116404 0.207554266 0.681958020
1756484745795498496.000000 0.194556639 2.890208244 0.022329792 -0.702794135 0.043895621 -0.044200286 0.708660722
1756484746295611904.000000 0.210879922 2.894227266 0.023419041 -0.697550595 0.103005908 -0.103202276 0.701542795
1756484746829063936.000000 0.229890659 2.895196915 0.023324262 -0.686206758 0.164215297 -0.165929586 0.688927531
1756484747329172480.000000 0.245624319 2.893219948 0.023116712 -0.670219183 0.221729681 -0.222902298 0.672277331
1756484747862620928.000000 0.260203362 2.887246609 0.023579236 -0.648506582 0.279841721 -0.280867159 0.649801195
1756484748362734848.000000 0.273583919 2.880137920 0.024447344 -0.623461902 0.331801385 -0.334645957 0.623871207
1756484748929534208.000000 0.286786467 2.870057821 0.026917279 -0.591580093 0.388325393 -0.391143799 0.588424206
1756484749429664256.000000 0.297685117 2.857036352 0.024542494 -0.556809306 0.436601818 -0.438822687 0.553874493
1756484749996472576.000000 0.309086889 2.841599703 0.028708015 -0.506476402 0.483038336 -0.496045411 0.513901412
1756484750496583168.000000 0.363544494 2.842799425 0.026322452 -0.512137532 0.488655150 -0.491441876 0.507361948
1756484751063380992.000000 0.419484407 2.844462633 0.025842402 -0.512029946 0.488056898 -0.490186483 0.509257317
1756484751563503872.000000 0.469652086 2.845881224 0.024723703 -0.511912763 0.488786370 -0.490518630 0.508355021
1756484752130311168.000000 0.523159146 2.847384930 0.024461230 -0.511878073 0.487226158 -0.490257293 0.510136604
1756484752663780096.000000 0.575723648 2.849065542 0.023355152 -0.511091053 0.488060027 -0.491226494 0.509195209
1756484753197241088.000000 0.626433730 2.850651026 0.023748392 -0.511443853 0.487146765 -0.490517586 0.510397732
1756484753697357056.000000 0.676813543 2.851880074 0.022604868 -0.510893226 0.486772805 -0.491435975 0.510422528
1756484753864063232.000000 0.692386031 2.851984739 0.022999894 -0.510460019 0.486773610 -0.492013365 0.510298848
1756484754397523968.000000 0.745094240 2.853853464 0.023041649 -0.511845231 0.486821920 -0.491530180 0.509329975
1756484754897644544.000000 0.795384049 2.854929924 0.022262560 -0.511609495 0.487485647 -0.492085427 0.508395016
1756484755397768960.000000 0.844247997 2.855693102 0.021705991 -0.510468483 0.486491501 -0.493063301 0.509545505
1756484755897893376.000000 0.892418265 2.856575727 0.020891190 -0.510108173 0.484951764 -0.493623763 0.510829866
1756484756431354112.000000 0.944885254 2.858437061 0.021354752 -0.508731723 0.485018551 -0.495369017 0.510449469
1756484756964812544.000000 0.995542288 2.859094381 0.022213871 -0.508160293 0.485043794 -0.495649785 0.510721982
1756484757464923136.000000 1.045810461 2.859023094 0.023335624 -0.507907927 0.485887557 -0.496424526 0.509416878
1756484757998375936.000000 1.096728921 2.860780239 0.022977073 -0.505880177 0.484406054 -0.498462856 0.510853052
1756484758531831296.000000 1.152465582 2.860958576 0.022482179 -0.507882833 0.484305143 -0.496849835 0.510532975
1756484759031950336.000000 1.201889515 2.862582922 0.022466021 -0.505885303 0.484190643 -0.498949856 0.510576785
1756484759565417984.000000 1.255497575 2.863455534 0.022652362 -0.507281065 0.484342277 -0.498311520 0.509670734
1756484760065534464.000000 1.307371378 2.866203308 0.021640480 -0.507717431 0.485314816 -0.498382330 0.508239806
1756484760598979840.000000 1.359819770 2.865242958 0.022821363 -0.506784081 0.485155404 -0.498041958 0.509655118
1756484761132432128.000000 1.412975192 2.866012573 0.022078326 -0.507760763 0.485342562 -0.497533947 0.509000599
1756484761665888256.000000 1.467055798 2.866866350 0.021000156 -0.508628666 0.486118972 -0.495916456 0.508971691
1756484762166004224.000000 1.517500520 2.866903543 0.020720446 -0.510253787 0.487607300 -0.494474024 0.507322073
1756484762699460864.000000 1.572257042 2.868497849 0.020866914 -0.512346685 0.489158869 -0.493737072 0.504428744
1756484763199568384.000000 1.619906306 2.869590521 0.020623522 -0.512830913 0.487248033 -0.493858755 0.505665243
1756484763699671296.000000 1.669145823 2.870334387 0.019845359 -0.511419773 0.486620784 -0.494677246 0.506896973
1756484764199781888.000000 1.716813207 2.871261597 0.019874914 -0.510878921 0.484371603 -0.493981361 0.510264039
1756484764699894784.000000 1.714625001 2.882369041 0.018824188 -0.540880501 0.449752748 -0.459803373 0.541988611
1756484765200024320.000000 1.702252388 2.895113230 0.019557785 -0.577005148 0.402655721 -0.412413508 0.578661084
1756484765766846464.000000 1.719433546 2.925451994 0.020292951 -0.613189816 0.340951711 -0.352186143 0.619447410
1756484766300308992.000000 1.719016671 2.941095829 0.018738296 -0.641107738 0.291897565 -0.300208896 0.643157363
1756484766800427008.000000 1.703269243 2.944994688 0.019804960 -0.663076699 0.237145722 -0.245114237 0.666341007
1756484767300544768.000000 1.688672662 2.946786880 0.020322431 -0.674537361 0.174776271 -0.184897199 0.693011999
1756484767767321344.000000 1.692809820 2.991792202 0.019417178 -0.693009675 0.123201147 -0.128149688 0.698667943
1756484768267435776.000000 1.684217811 3.002347231 0.019515526 -0.700042546 0.073072977 -0.077658013 0.706094980
1756484768834231808.000000 1.667185664 2.995890379 0.018743850 -0.702907026 0.005903566 -0.009561685 0.711192966
1756484771401528064.000000 1.604151368 2.971581221 0.016233489 -0.641868293 -0.285284191 0.283107579 0.653045297
1756484773968815872.000000 1.532252431 2.914696455 0.013499539 -0.499839962 -0.490443468 0.494055569 0.515300214
1756484776002687744.000000 1.328523397 2.912921667 0.013703175 -0.494109392 -0.501487076 0.501933992 0.502423167
1756484778536597248.000000 1.084377289 2.913566113 0.015307411 -0.494821906 -0.502187371 0.502004027 0.500950217
1756484781170595584.000000 0.828867078 2.906936646 0.013648387 0.484334528 0.508701622 -0.511277974 -0.495214641
1756484783704759040.000000 0.583553910 2.898121357 0.014194114 0.474808753 0.515189767 -0.519930363 -0.488680512
1756484786272001024.000000 0.328184873 2.884519339 0.015651904 0.473394424 0.516771615 -0.519910514 -0.488403529
1756484786805452032.000000 0.275598586 2.881594419 0.015962452 0.473649591 0.516407311 -0.519405007 -0.489078730
1756484787305564416.000000 0.226498261 2.878853559 0.015221329 0.473183692 0.515414059 -0.519924402 -0.490024716
1756484787839015936.000000 0.174483150 2.876736879 0.016098481 0.473461479 0.514712334 -0.519889891 -0.490530342
1756484788339118080.000000 0.131358683 2.875571489 0.017003693 0.481330544 0.509387732 -0.512341559 -0.496337920
1756484788839217408.000000 0.127528399 2.889456272 0.018159924 -0.520051479 -0.466255069 0.472438514 0.537545025
1756484789372660480.000000 0.121910468 2.905345917 0.018506426 -0.561042488 -0.417089820 0.421943516 0.577261806
1756484791439756032.000000 0.128359318 2.968626261 0.018276554 -0.671827376 -0.198083773 0.200873509 0.684880018
1756484791973214976.000000 0.138047159 2.982891083 0.018133923 -0.687895000 -0.138555095 0.140253738 0.698521256
1756484792473320704.000000 0.150423869 2.993688822 0.018970208 -0.696944237 -0.078989163 0.081742838 0.708059072
1756484793006763264.000000 0.164200485 3.003710747 0.019618984 -0.702357471 -0.016889794 0.018577728 0.711381555
1756484793540202752.000000 0.168574587 3.048396349 0.020890372 -0.704641640 0.003033604 -0.002612675 0.709552169
1756484794040310272.000000 0.167347372 3.095493317 0.021389779 -0.702650726 -0.000398392 0.000955836 0.711534202
1756484794540429824.000000 0.166363925 3.143683910 0.021342272 -0.703584671 -0.000700198 0.000757609 0.710610747
1756484795040550400.000000 0.180551574 3.148814440 0.022093454 -0.700107098 0.051898036 -0.052736595 0.710194051
1756484795607356160.000000 0.198743194 3.152718306 0.022131491 -0.693231404 0.118029319 -0.118706696 0.701005101
1756484796140819456.000000 0.215702564 3.153032064 0.022687253 -0.681561470 0.178713724 -0.180364832 0.686297297
1756484796674285824.000000 0.233299777 3.149620056 0.023220066 -0.663685620 0.239349589 -0.239550471 0.666969836
1756484797207760128.000000 0.250230134 3.144457102 0.022253701 -0.639978290 0.297357678 -0.297954291 0.642829299
1756484797707896832.000000 0.263454646 3.137803793 0.022852140 -0.613141716 0.350239038 -0.351442635 0.614717782
1756484798208026880.000000 0.275301576 3.127736568 0.024382921 -0.582878351 0.399352223 -0.401255786 0.582893252
1756484798708154624.000000 0.286617637 3.114920855 0.025149688 -0.547229111 0.448207945 -0.449227810 0.545751274
1756484799208316416.000000 0.292254984 3.102475882 0.024795899 -0.507472575 0.491152704 -0.494478106 0.506687343
1756484799741841920.000000 0.342296183 3.099910975 0.025948478 -0.504639924 0.494514763 -0.497104168 0.503667653
1756484800241969664.000000 0.390931547 3.100291491 0.025293620 -0.504696369 0.493790329 -0.497919440 0.503516614
1756484800742083840.000000 0.439044565 3.101798534 0.025446665 -0.506039560 0.493509889 -0.497298837 0.503056586
1756484801275547904.000000 0.491765410 3.103856802 0.025696814 -0.506068945 0.493477225 -0.497876883 0.502486825
1756484801842356480.000000 0.547373831 3.104027748 0.024612868 -0.505745769 0.494374216 -0.497552365 0.502251983
1756484802375827200.000000 0.599043250 3.106351852 0.024574075 -0.505703866 0.493049324 -0.498688698 0.502469361
1756484802875957248.000000 0.649364889 3.106059074 0.023541559 -0.505476892 0.494141042 -0.498280287 0.502030492
1756484803376088320.000000 0.698449850 3.105602980 0.023412000 -0.504905283 0.493723243 -0.497593850 0.503694832
1756484803942902528.000000 0.758267760 3.106880665 0.021314615 -0.505131662 0.495580047 -0.498236746 0.501001596
1756484804476365568.000000 0.807640791 3.106176853 0.021418411 -0.505394518 0.493974239 -0.498230308 0.502327025
1756484805009823232.000000 0.858971298 3.105475903 0.022091191 -0.504073858 0.494117260 -0.498716444 0.503030479
1756484805576613120.000000 0.914236784 3.105103731 0.020224836 -0.503086090 0.492754638 -0.499417186 0.504658103
1756484806143407872.000000 0.969614327 3.104868650 0.019719532 -0.502467275 0.493000388 -0.499870598 0.504585683
1756484806676865280.000000 1.023244381 3.104988575 0.019218406 -0.502895415 0.492114723 -0.500790119 0.504111707
1756484807210317056.000000 1.075444102 3.105923176 0.018797472 -0.503127158 0.490675986 -0.501420498 0.504656017
1756484807743764736.000000 1.126711011 3.104723930 0.019584760 -0.501558959 0.489817023 -0.502270937 0.506203473
1756484808277202432.000000 1.179158449 3.106640577 0.020519188 -0.503178239 0.488911361 -0.500633240 0.507093549
1756484808843974656.000000 1.238096356 3.107880592 0.019659648 -0.503747344 0.489270270 -0.501128197 0.505691409
1756484809377408768.000000 1.289601326 3.109256268 0.020535901 -0.504089296 0.488210231 -0.500877559 0.506622672
1756484809877501184.000000 1.340402484 3.109108925 0.021537695 -0.502988338 0.489976406 -0.501681089 0.505214632
1756484810377609728.000000 1.391462445 3.108714104 0.020316336 -0.504131436 0.490456462 -0.500096142 0.505181015
1756484810877719552.000000 1.441091299 3.109047174 0.022061573 -0.503927708 0.489034057 -0.500263751 0.506595314
1756484811411187456.000000 1.495707273 3.110034227 0.021392923 -0.505732238 0.490090996 -0.498489320 0.505523503
1756484811911321856.000000 1.546312094 3.110654831 0.020705990 -0.506224334 0.491398185 -0.496817946 0.505407393
1756484812478194688.000000 1.601555943 3.111620903 0.020495797 -0.504992664 0.491435260 -0.497658134 0.505776882
1756484812978361088.000000 1.648625851 3.112096786 0.020588260 -0.504892707 0.491917580 -0.496889532 0.506163239
1756484813478469376.000000 1.660238504 3.120202303 0.019450014 -0.528993726 0.465545535 -0.470770270 0.530856252
1756484814011926528.000000 1.648163319 3.133866072 0.020381629 -0.567080915 0.417235076 -0.421098828 0.571847737
1756484814512059136.000000 1.636175394 3.144332409 0.020801377 -0.600047946 0.369272947 -0.372147352 0.604223669
1756484815045529856.000000 1.619742632 3.152044296 0.019976202 -0.630194366 0.313296258 -0.316129833 0.636209488
1756484815578991616.000000 1.604472518 3.158686638 0.019243617 -0.655843377 0.254798591 -0.257444650 0.662321270
1756484816079112704.000000 1.595615864 3.174223900 0.018488724 -0.674788177 0.197209820 -0.197956145 0.683068573
1756484816612575232.000000 1.602545619 3.219483852 0.019558564 -0.689742446 0.136186004 -0.138891175 0.697436810
1756484817146036992.000000 1.586137891 3.218389034 0.018477496 -0.697273135 0.079713970 -0.081448220 0.707687855
1756484817646156544.000000 1.569387674 3.212932110 0.018295592 -0.702313900 0.020327935 -0.020557554 0.711280167
1756484818212958208.000000 1.550850987 3.206178904 0.019773088 -0.691570461 -0.049204927 0.051076457 0.718818784
1756484818746418688.000000 1.527327061 3.242413759 0.015950769 -0.694393337 -0.109238558 0.107918814 0.703020930
1756484819279889920.000000 1.517199874 3.224417210 0.017673708 -0.678408504 -0.169923007 0.169043422 0.694487154
1756484819813366528.000000 1.507308006 3.210062742 0.017167179 -0.661068380 -0.232221231 0.231948912 0.674730837
1756484820346829568.000000 1.501155257 3.194640875 0.014969928 -0.637886763 -0.290043324 0.289894700 0.651871562
1756484820880290816.000000 1.496172071 3.177369356 0.017790996 -0.603835821 -0.345326513 0.351507783 0.626557410
1756484821413732352.000000 1.443565130 3.184399128 0.016361464 -0.574857354 -0.405332357 0.403722405 0.585023880
1756484821913832192.000000 1.396813869 3.191690207 0.014884518 -0.556937873 -0.429049015 0.429380000 0.566895008
1756484822447284992.000000 1.347867012 3.200252771 0.015369162 -0.543658614 -0.445418239 0.444684684 0.555241823
1756484822980739584.000000 1.297442436 3.200463295 0.014385646 -0.525781274 -0.467619300 0.465083182 0.537199974
1756484823547541504.000000 1.246111631 3.200733900 0.014556538 -0.508311987 -0.486007839 0.484580785 0.520189285
1756484824081004032.000000 1.192994952 3.205693007 0.015552039 -0.510174990 -0.486293286 0.483413309 0.519183993
1756484824581126656.000000 1.144228578 3.209093332 0.014365304 -0.509347916 -0.486680686 0.484121799 0.518972814
1756484825114582272.000000 1.093723416 3.214303493 0.013441213 -0.508358061 -0.487011999 0.485734910 0.518124521
1756484825648027136.000000 1.046351314 3.206670046 0.012947043 -0.481862605 -0.511692047 0.511662841 0.494146585
1756484826148132864.000000 0.998247921 3.205992937 0.012347557 -0.480867267 -0.511827230 0.512308002 0.494307727
1756484826648238848.000000 0.950756669 3.204267025 0.012001118 0.479748964 0.511263967 -0.514185548 -0.494027734
1756484827148341504.000000 0.900267005 3.201994419 0.012630370 -0.479814410 -0.512606859 0.513354182 0.493436813
1756484827681779456.000000 0.849938214 3.201325178 0.013519052 -0.478728354 -0.512738347 0.514321566 0.493347585
1756484828181903616.000000 0.801548600 3.200769424 0.014341868 0.477649450 0.512819529 -0.516289771 -0.492251992
1756484828682044928.000000 0.752250016 3.198629618 0.013916567 0.476718932 0.513754845 -0.515649855 -0.492849171
1756484829215511040.000000 0.699862719 3.196723223 0.013618953 0.475751162 0.513207734 -0.517494738 -0.492420405
1756484829748966400.000000 0.647028863 3.195600986 0.013364644 0.477108568 0.512594163 -0.516223729 -0.493079841
1756484830249084928.000000 0.596470356 3.194425583 0.012816536 0.477402270 0.513098657 -0.515526474 -0.493000388
1756484830749204992.000000 0.546715677 3.193453789 0.012356385 0.477410406 0.513018429 -0.516007185 -0.492572933
1756484831282663936.000000 0.494842112 3.191980600 0.012995737 0.476893127 0.512457728 -0.516222179 -0.493431598
1756484831816123392.000000 0.441191822 3.190057993 0.013969515 0.476930082 0.513607025 -0.516031802 -0.492398947
1756484832349578496.000000 0.389366508 3.188681602 0.015611173 0.477303416 0.512421429 -0.516100109 -0.493200153
1756484832849691648.000000 0.337187886 3.194550753 0.016786736 -0.494185627 -0.496226847 0.498529732 0.510889053
1756484833349818368.000000 0.288109660 3.196639299 0.017148625 -0.492837518 -0.495846987 0.500671029 0.510465860
1756484833849946112.000000 0.245777845 3.181897879 0.017585330 -0.451083481 -0.536309361 0.538195670 0.468232334
1756484834383396864.000000 0.205064222 3.157409668 0.017239962 -0.400910586 -0.575872958 0.577052057 0.417913884
1756484834916854272.000000 0.172048345 3.126971960 0.017928265 -0.348123133 -0.609578252 0.611416578 0.365232021
1756484836450629120.000000 0.115222774 3.012168884 0.016854960 0.180422246 0.676101208 -0.686051428 -0.199169502
1756484836984074496.000000 0.108963594 2.966953039 0.016575260 0.117797017 0.690361261 -0.701077938 -0.134220004
1756484837484188672.000000 0.110467322 2.922840118 0.015295248 0.060521159 0.698813260 -0.708551884 -0.077146597
1756484838551097344.000000 0.138734356 2.833376646 0.014182927 -0.063845597 0.700896680 -0.708596885 0.050578009
1756484839051207680.000000 0.161464632 2.796037674 0.013513230 -0.121160820 0.694898784 -0.700462401 0.108573519
1756484839584655360.000000 0.193671644 2.761312485 0.014659565 -0.180213064 0.682304263 -0.688039422 0.169073790
1756484840084772608.000000 0.225628525 2.732643604 0.016306616 -0.236517295 0.664578080 -0.671562254 0.226714879
1756484840584903168.000000 0.260735273 2.712600231 0.017471464 -0.290715009 0.641925216 -0.650701761 0.282849789
1756484840851641600.000000 0.283264816 2.701304913 0.015407762 -0.318604231 0.629967332 -0.636398554 0.310852706
1756484841018344960.000000 0.296703637 2.695971012 0.015072389 -0.332158446 0.621461332 -0.630076826 0.326281756
1756484841185049088.000000 0.309690058 2.685364485 0.015101375 -0.329196453 0.624853134 -0.630893350 0.321188211
1756484841685160704.000000 0.347795248 2.659026384 0.014422607 -0.337862581 0.620159566 -0.626311183 0.330129325
1756484841918545664.000000 0.367423177 2.656284332 0.013838964 -0.363430351 0.604939818 -0.612421393 0.356239021
1756484842118591488.000000 0.376406938 2.650219679 0.011748580 -0.381907612 0.591488600 -0.598937988 0.381524891
1756484842218614528.000000 0.384288251 2.649829149 0.012209971 -0.391534060 0.584977150 -0.593055189 0.390881687
1756484842351977472.000000 0.395682275 2.647891045 0.012774939 -0.399116933 0.579966664 -0.587665081 0.398740768
1756484842885430784.000000 0.441746980 2.625569344 0.011994204 -0.394594282 0.582924783 -0.589332998 0.396460205
1756484843318845184.000000 0.481171846 2.608771563 0.011079568 -0.394386709 0.583354652 -0.589853764 0.395258218
1756484843752257536.000000 0.519951701 2.595472336 0.010149561 -0.409853160 0.573784173 -0.579144776 0.409125388
1756484845819402752.000000 0.719428778 2.524055481 0.022337200 0.422417790 -0.567811251 0.568036556 -0.420105010
1756484846319518976.000000 0.751703620 2.519568443 0.022140872 0.419638395 -0.567204058 0.570232451 -0.420735180
1756484846952996864.000000 0.810793996 2.498644114 0.021015910 0.418817997 -0.568061411 0.570955932 -0.419412822
1756484847453107456.000000 0.855408907 2.496642590 0.018498547 -0.452838778 0.539485157 -0.544615448 0.455287725
1756484847953220352.000000 0.903175592 2.488542318 0.018797597 -0.453601182 0.538164973 -0.543771863 0.457095981
1756484848453346816.000000 0.953058839 2.479099274 0.016170869 -0.453344375 0.537635803 -0.544913411 0.456613719
1756484848986814464.000000 1.002777934 2.467911482 0.017657088 -0.452974111 0.537372589 -0.544997334 0.457190365
1756484849553622528.000000 1.056195855 2.457689762 0.016362149 -0.451526165 0.534740627 -0.546943843 0.459378988
1756484850087085312.000000 1.109941006 2.446699858 0.015474042 -0.451779783 0.535433948 -0.546374321 0.458999515
1756484850620539648.000000 1.161729574 2.436086178 0.016352566 -0.452293336 0.535144627 -0.544980764 0.460485458
1756484851187349504.000000 1.216865420 2.425542831 0.016826138 -0.451037973 0.535284638 -0.546255887 0.460043132
1756484851687488000.000000 1.264932752 2.415436029 0.017272428 -0.451026917 0.534725308 -0.545833886 0.461203843
1756484852220957696.000000 1.317422271 2.405522823 0.019160751 -0.451005787 0.535478115 -0.545513928 0.460729271
1756484852754419456.000000 1.372180104 2.394990444 0.018255187 -0.450699598 0.537738442 -0.545111179 0.458869338
1756484853287885312.000000 1.423487782 2.385548830 0.018081822 -0.452151865 0.535151243 -0.544171035 0.461573184
1756484853788011264.000000 1.469216704 2.376338720 0.020221194 -0.453067094 0.534405828 -0.543447912 0.462390393
1756484854321469440.000000 1.521426558 2.357230663 0.022476658 -0.423643857 0.558044076 -0.568428397 0.431279421
1756484854821583872.000000 1.567548156 2.322076559 0.023103200 -0.377792627 0.591633976 -0.599406898 0.384647042
1756484855321699328.000000 1.608359456 2.281228781 0.023331001 -0.326613039 0.620154023 -0.630870640 0.332768977
1756484855855155456.000000 1.641080737 2.236784458 0.020116001 -0.278928936 0.643256485 -0.654826999 0.282172710
1756484856355287296.000000 1.664083481 2.191744089 0.020002842 -0.229798496 0.662039161 -0.673878729 0.234060392
1756484856888763136.000000 1.681647062 2.133992910 0.020222584 -0.170238912 0.678507328 -0.692392707 0.176745355
1756484857388889344.000000 1.689644814 2.081090212 0.021133171 -0.116680928 0.693127513 -0.701349974 0.118609421
1756484857889015552.000000 1.689346433 2.024163008 0.020089570 -0.062137455 0.701335788 -0.707328856 0.062871903
1756484858422467840.000000 1.677182674 1.973853350 0.022884529 -0.004745992 0.703134894 -0.711035192 0.002795548
1756484859956145408.000000 1.604967594 1.835007548 0.024620116 0.158358455 0.684616327 -0.692501128 -0.163294986
1756484860456267776.000000 1.561844349 1.796602011 0.024991591 0.214018345 0.671433091 -0.675967455 -0.215503514
1756484862556747264.000000 1.355441213 1.694438577 0.021410059 -0.355191320 -0.610618591 0.611819029 0.355895579
1756484865224023040.000000 1.127100706 1.568106413 0.017770160 -0.351982057 -0.610655963 0.612906456 0.357146442
1756484867791249152.000000 0.905536830 1.447238684 0.017559610 -0.342207462 -0.617938459 0.616744459 0.347379357
1756484868291360768.000000 0.901482344 1.426198363 0.017305760 0.292517960 0.640466690 -0.643864810 -0.299455822
1756484870925384192.000000 0.928496063 1.245627165 0.012967642 0.016676771 -0.704879224 0.709033966 -0.011748248
1756484871426734080.000000 0.948554695 1.206984997 0.013597718 -0.076311804 0.699865818 -0.706548870 0.071784787
1756484871961395456.000000 0.976147890 1.167616963 0.013198398 -0.136675328 0.690883636 -0.697219670 0.133732736
1756484872461399040.000000 1.006725073 1.136484861 0.013722518 -0.194344401 0.677382767 -0.683153093 0.191532582
1756484872994729728.000000 1.045124531 1.106892109 0.012690112 -0.253725171 0.657521546 -0.663066328 0.252253950
1756484873528077056.000000 1.084722042 1.087400436 0.014802996 -0.309946090 0.631542683 -0.639259279 0.310539514
1756484874061811200.000000 1.126891732 1.075257897 0.014776150 -0.363366276 0.602107525 -0.609291315 0.366327196
1756484874596505600.000000 1.171730995 1.068753123 0.011512892 -0.412702620 0.568354607 -0.575726390 0.418555647
1756484875164215040.000000 1.220713377 1.073628068 0.008854738 -0.462778896 0.526198626 -0.535212278 0.471697390
1756484875664663808.000000 1.267605424 1.066068292 0.007990176 -0.462754726 0.526520610 -0.535237789 0.471332878
1756484876164851200.000000 1.313255072 1.068719387 0.007437963 -0.491226315 0.498870969 -0.508488297 0.501262486
1756484876697986304.000000 1.364233494 1.064695597 0.007414842 -0.489049584 0.501735866 -0.510322988 0.498660296
1756484877264439552.000000 1.417916894 1.061381102 0.007918254 -0.488805801 0.502170801 -0.510136783 0.498652071
1756484877797558016.000000 1.466262102 1.061296463 0.008143751 -0.496196747 0.492155463 -0.501737773 0.509736359
1756484878330694656.000000 1.518211246 1.061367273 0.008616926 -0.496447593 0.492986709 -0.502279520 0.508152723
1756484878897126400.000000 1.571443677 1.061428070 0.010087080 -0.496970892 0.491894037 -0.502408743 0.508572161
1756484879430269440.000000 1.622469544 1.061329603 0.011651710 -0.497601569 0.493333876 -0.502437532 0.506528378
1756484879963380992.000000 1.672914624 1.060297251 0.013216509 -0.497352511 0.493746191 -0.502495289 0.506313920
1756484880529839360.000000 1.727780938 1.058658957 0.014983108 -0.499176770 0.494801402 -0.500339448 0.505623043
1756484881062948096.000000 1.761048555 1.053759217 0.013882380 0.481551141 -0.512953818 0.517312348 -0.487211198
1756484881629386496.000000 1.766681910 1.035735846 0.012899188 -0.431481063 0.556863964 -0.561781704 0.433737218
1756484882195815424.000000 1.767429471 1.018216491 0.012552779 -0.377117187 0.594311655 -0.600102425 0.380070329
1756484882662289152.000000 1.766865849 1.002220273 0.013554696 -0.329320490 0.623014748 -0.628174067 0.329845458
1756484883162082048.000000 1.773693562 0.977757156 0.015642883 -0.273814380 0.646727979 -0.656609416 0.275014192
1756484883661883648.000000 1.803211808 0.922029793 0.012273941 -0.218943968 0.669999361 -0.675893724 0.215248778
1756484884195004416.000000 1.820174217 0.860393047 0.012919569 -0.157622755 0.686363220 -0.693180084 0.153499514
1756484884728128512.000000 1.818428874 0.816549242 0.012472374 -0.095248125 0.698654056 -0.703349411 0.090055674
1756484885261251328.000000 1.825043440 0.764449537 0.011644425 -0.080669150 0.698655546 -0.706778228 0.076404221
1756484885860993280.000000 1.832762957 0.704638481 0.011550335 -0.060014695 0.700380087 -0.709146023 0.054570932
1756484886427437312.000000 1.817156196 0.641164482 0.013763409 0.007166572 0.702440917 -0.711605728 -0.011948293
1756484888594936320.000000 1.697166920 0.428381503 0.014267165 0.199729055 0.675006807 -0.679138601 -0.207953960
1756484889161522176.000000 1.661508679 0.384551793 0.014578559 0.208772495 0.672394693 -0.677098632 -0.214095622
1756484891396516864.000000 1.448489428 0.268765688 0.010018027 0.371580809 0.596865296 -0.600766778 -0.380471766
1756484893997505792.000000 1.171142101 0.222328410 0.003478756 -0.493590832 -0.499795943 0.502365410 0.504183650
1756484895564590336.000000 1.011471391 0.304957062 0.000059186 -0.604330301 -0.353177935 0.353433460 0.620592475
1756484896098059264.000000 0.971628368 0.348521709 0.001000791 -0.632413745 -0.296624929 0.297981203 0.650594890
1756484896598169344.000000 0.940127552 0.395802736 0.000440047 -0.653200269 -0.254837692 0.256676197 0.665210128
1756484897131626240.000000 0.905551195 0.434259921 0.000367060 -0.652040958 -0.254340798 0.259353429 0.665499270
1756484897665092864.000000 0.869715869 0.472431690 0.000903939 -0.651965916 -0.255794197 0.259308636 0.665032983
1756484898231901440.000000 0.832093775 0.512743115 0.000162073 -0.650712252 -0.254652917 0.258862317 0.666870177
1756484898765367808.000000 0.795310199 0.552496970 -0.000936404 -0.651817203 -0.255536705 0.258936375 0.665422678
1756484899265495808.000000 0.761318505 0.589057803 -0.000364398 -0.651889503 -0.255205125 0.258099914 0.665803909
1756484899798970624.000000 0.726613224 0.625565767 0.000084758 -0.650034130 -0.254732013 0.258550704 0.667621732
1756484900332447488.000000 0.688004732 0.654639900 -0.000671341 -0.637826741 -0.283450395 0.288129568 0.655602217
1756484900865926656.000000 0.645244598 0.685113609 0.000072052 -0.631328762 -0.297501206 0.302541256 0.649142504
1756484901399400192.000000 0.601205647 0.711488485 0.000999677 -0.619812369 -0.324220926 0.327824205 0.635015547
1756484901899530752.000000 0.557417572 0.720101297 0.000331558 -0.589236021 -0.375171542 0.380835444 0.605814934
1756484902432995840.000000 0.511649907 0.720923305 0.004154968 -0.550923109 -0.426141083 0.435053289 0.570627987
1756484902933119232.000000 0.464374155 0.724962831 0.006574661 -0.534731328 -0.450574547 0.456156284 0.550423801
1756484903466586112.000000 0.417903960 0.726928830 0.009518898 -0.510528445 -0.476950288 0.485751033 0.525285840
1756484904000052480.000000 0.372347444 0.711416900 0.010128999 0.464961320 0.522432804 -0.529994845 -0.479562819
1756484904533508864.000000 0.327743322 0.687403619 0.011622492 0.414315730 0.562853396 -0.571221709 -0.430400223
1756484905066967552.000000 0.291931242 0.657487392 0.012676237 0.360712975 0.599292457 -0.608091652 -0.375445515
1756484905567101952.000000 0.263279110 0.623518229 0.012058420 0.309174180 0.630432963 -0.635603487 -0.320895433
1756484906133918208.000000 0.238109946 0.582988679 0.011728496 0.246953011 0.657051265 -0.663346469 -0.259363353
1756484906634040320.000000 0.224215463 0.541191578 0.010937234 0.191314161 0.675179958 -0.682914138 -0.202877417
1756484907200841472.000000 0.218202233 0.491955638 0.010195393 0.125796944 0.690566361 -0.698940277 -0.137024999
1756484907700952832.000000 0.212146372 0.446017951 0.008839389 0.094816826 0.695732892 -0.704090238 -0.105936073
1756484908201071104.000000 0.196307987 0.399807543 0.008351834 0.096456632 0.695974827 -0.703368545 -0.107647173
1756484908734537728.000000 0.191717461 0.351754785 0.008333771 0.057907712 0.700346053 -0.708157659 -0.068372563
1756484909234658816.000000 0.178405464 0.303965211 0.008882364 0.062401131 0.700024843 -0.707613528 -0.073174536
1756484909768117248.000000 0.160538703 0.250683039 0.008974181 0.083805799 0.698772430 -0.704247952 -0.093426809
1756484910301580288.000000 0.142977908 0.201983348 0.009985341 0.084752783 0.697234273 -0.705580115 -0.094010971
1756484910801703168.000000 0.130224600 0.156239957 0.011103434 0.084166162 0.696645677 -0.706133604 -0.094743490
1756484911335168512.000000 0.114098094 0.102728687 0.010608045 0.086213455 0.698368311 -0.704046428 -0.095748164
1756484911835292672.000000 0.100459658 0.054708853 0.009545883 0.086245611 0.698634923 -0.703697979 -0.096333966
1756484912335399936.000000 0.085469857 0.006078588 0.010674788 -0.086984359 -0.700479329 0.702054620 0.094243482
1756484912902179840.000000 0.070319436 -0.047110654 0.010436429 -0.087125748 -0.700295806 0.702046156 0.095530681
1756484913435625728.000000 0.063005537 -0.094263360 0.009917393 0.056653596 0.699886680 -0.709114313 -0.064078115
1756484913969070080.000000 0.056711633 -0.145818502 0.008870305 0.047280464 0.701522410 -0.709240913 -0.051071327
1756484914469192704.000000 0.071692623 -0.142973214 0.008671587 -0.006427712 0.703619719 -0.710542262 0.002775189
1756484914969315328.000000 0.084932886 -0.134806052 0.009632874 -0.065835439 0.700825036 -0.707642734 0.061252210
1756484915469434368.000000 0.096694663 -0.124756366 0.010286231 -0.124381721 0.692328572 -0.700600743 0.119870655
1756484915936212224.000000 0.106108323 -0.111674085 0.010283804 -0.178575262 0.680500925 -0.689549327 0.171904445
1756484916369657600.000000 0.112722822 -0.098901168 0.009959262 -0.227189317 0.665809929 -0.675327241 0.221394092
1756484916636393216.000000 0.115001157 -0.089508027 0.009708354 -0.256379187 0.656089902 -0.664068401 0.250657082
