1756587583750326272.000000 0.005123073 -0.017256698 0.005549731 -0.711048722 0.011467101 -0.003365464 0.703041255
1756587584583863296.000000 0.006949276 0.067793027 0.008133009 -0.714519680 0.011694818 -0.003349880 0.699509680
1756587584883936768.000000 0.006922719 0.096609853 0.008674391 -0.714444518 0.010749343 -0.003258132 0.699601948
1756587585150667264.000000 0.006826802 0.123346150 0.009166975 -0.713918984 0.013820739 -0.007220658 0.700054646
1756587586784379392.000000 0.072867908 0.285312593 0.011178149 -0.702134848 0.122019179 -0.111247592 0.692634106
1756587586984428032.000000 0.078684308 0.303570390 0.011801189 -0.702430367 0.121503167 -0.110903963 0.692480326
1756587587117794304.000000 0.085169025 0.317618191 0.012019740 -0.701082051 0.133835316 -0.122742422 0.689569712
1756587587251161344.000000 0.094978407 0.328874230 0.012253267 -0.696284354 0.152743712 -0.141474679 0.686907887
1756587587417870336.000000 0.106837519 0.343717963 0.012496595 -0.692139864 0.171979755 -0.160879046 0.682263434
1756587587551236608.000000 0.117399924 0.355311722 0.012742533 -0.688888371 0.187642783 -0.174729407 0.678006351
1756587587751287808.000000 0.132696912 0.371060669 0.012831195 -0.681055605 0.209580258 -0.197666630 0.673177004
1756587587884655104.000000 0.144170240 0.381453007 0.012829604 -0.676611602 0.224824846 -0.212924093 0.668067396
1756587588084704768.000000 0.161554456 0.395612687 0.013588168 -0.669368684 0.246537000 -0.234568089 0.660411239
1756587588318097920.000000 0.182113200 0.410416365 0.014153737 -0.657820582 0.271525264 -0.260914445 0.652280450
1756587588484806144.000000 0.197549954 0.421002537 0.014346201 -0.654023767 0.283245385 -0.271422654 0.646803558
1756587588984933376.000000 0.230493575 0.455605656 0.014436890 -0.655533791 0.278836817 -0.268773377 0.648294985
1756587589151642624.000000 0.247020051 0.466624260 0.014521301 -0.649065435 0.294397712 -0.284214586 0.641300380
1756587589418376448.000000 0.273338050 0.477936387 0.015084108 -0.632461548 0.323704183 -0.314859360 0.629342139
1756587589618427648.000000 0.296773642 0.487582922 0.014297668 -0.624931335 0.345116764 -0.333206266 0.615896881
1756587589918504704.000000 0.320593894 0.502686024 0.014976704 -0.624887764 0.343070954 -0.331036776 0.618249357
1756587590418642688.000000 0.361223400 0.528088093 0.014594663 -0.622546852 0.342870355 -0.330954194 0.620761395
1756587590918782464.000000 0.403173447 0.555228531 0.014932778 -0.623124540 0.343974590 -0.328935742 0.620643735
1756587591385571584.000000 0.447538733 0.574752152 0.015870169 -0.608210623 0.367456406 -0.352017224 0.609212279
1756587591852361728.000000 0.487803161 0.598092914 0.015716491 -0.610756993 0.366287291 -0.348978370 0.609117150
1756587592052412160.000000 0.508745968 0.606042027 0.015789602 -0.601510406 0.381510526 -0.363651365 0.600327194
1756587592352489984.000000 0.544113100 0.611339211 0.015727023 -0.581703901 0.409828156 -0.391937107 0.583135366
1756587592852617728.000000 0.589330196 0.630168617 0.016113952 -0.583929777 0.407058775 -0.388049185 0.585446060
1756587593352729344.000000 0.635681212 0.648994088 0.016411716 -0.584135711 0.407063961 -0.389407992 0.584333599
1756587593852838400.000000 0.680536032 0.666824281 0.017075565 -0.584027112 0.406978935 -0.390488744 0.583779931
1756587594286276096.000000 0.720386863 0.683805108 0.016145369 -0.584599853 0.405643493 -0.390273243 0.584280074
1756587594786397440.000000 0.765513778 0.702264965 0.016603697 -0.585335374 0.404960960 -0.390215725 0.584055483
1756587595286524928.000000 0.811459005 0.720954597 0.016915938 -0.584642768 0.405208409 -0.389390886 0.585127175
1756587595486577152.000000 0.833167195 0.727862716 0.016987365 -0.581517160 0.410859227 -0.395125717 0.580437958
1756587595686628096.000000 0.856497526 0.730032623 0.016831631 -0.565661728 0.432482034 -0.415772825 0.565790713
1756587595886680064.000000 0.875576854 0.734371424 0.017355980 -0.565042138 0.435036004 -0.416963905 0.563570857
1756587596386788608.000000 0.923854053 0.749130487 0.016854692 -0.565478742 0.434972584 -0.415787011 0.564051330
1756587596853554176.000000 0.968605995 0.762695193 0.016565958 -0.566151142 0.435065120 -0.415905744 0.563217223
1756587597353669376.000000 1.015622020 0.776615858 0.017758438 -0.564567268 0.435275823 -0.417282134 0.563626230
1756587597687079936.000000 1.052001834 0.778763950 0.017844340 -0.543538094 0.461103708 -0.442413121 0.544261277
1756587598187202304.000000 1.101055145 0.787537694 0.017283386 -0.542304099 0.462525219 -0.444780916 0.542352915
1756587598453938176.000000 1.131661654 0.786706924 0.016973218 -0.522263944 0.486768633 -0.468086481 0.520760715
1756587598720673280.000000 1.162322521 0.783200085 0.016960438 -0.510157883 0.502010942 -0.479487628 0.507755458
1756587599220805120.000000 1.210202098 0.787777901 0.016422892 -0.510511696 0.498895019 -0.479045063 0.510879159
1756587599620911872.000000 1.249933600 0.789895892 0.016416091 -0.510529518 0.500203848 -0.479044944 0.509579957
1756587599954335232.000000 1.281514883 0.792482436 0.016099522 -0.509460866 0.499122083 -0.480460048 0.510377228
1756587600321099520.000000 1.317578197 0.793826044 0.016462313 -0.511073172 0.499061316 -0.478497922 0.510667920
1756587600821234176.000000 1.366919756 0.796630681 0.016940188 -0.509889245 0.499283522 -0.479449898 0.510741472
1756587601321361152.000000 1.418812752 0.800699115 0.016069971 -0.511370838 0.499779284 -0.478613079 0.509558797
1756587601821488640.000000 1.467611432 0.804488301 0.015737496 -0.511392832 0.498937696 -0.479527026 0.509502113
1756587602021536000.000000 1.486421704 0.805210650 0.015547642 -0.510084927 0.498672962 -0.480621517 0.510040879
1756587602388284672.000000 1.516769409 0.805676341 0.017849762 -0.499706268 0.500539362 -0.491450816 0.508163393
1756587602655010560.000000 1.553118110 0.798874259 0.015865518 0.484773874 -0.525370121 0.505984306 -0.482659668
1756587603155132160.000000 1.600034118 0.798199117 0.016454734 0.485546380 -0.524412334 0.505314231 -0.483625770
1756587603555236608.000000 1.639508009 0.795664251 0.016171562 0.485626847 -0.524479806 0.505014241 -0.483785272
1756587603821973760.000000 1.666823149 0.791312695 0.016537892 0.474810034 -0.534334958 0.513891041 -0.474297047
1756587604155385600.000000 1.703054905 0.774369597 0.016491149 0.442829400 -0.561683416 0.539809763 -0.443868548
1756587604355431680.000000 1.722527862 0.763718605 0.016669998 0.424605668 -0.576749623 0.552407801 -0.426515460
1756587604622158848.000000 1.748276353 0.748854816 0.015989758 0.397647887 -0.593973160 0.573125660 -0.400747955
1756587604922227712.000000 1.775695920 0.727876008 0.015189391 0.367058635 -0.613264263 0.592779577 -0.371197224
1756587605155620608.000000 1.794443130 0.710611582 0.016732331 0.342247188 -0.627582669 0.606443703 -0.348185122
1756587605389012736.000000 1.810915947 0.691876590 0.016563581 0.316512465 -0.638883352 0.621388495 -0.324845076
1756587605655747584.000000 1.830565214 0.668692529 0.015790364 0.288896084 -0.652202308 0.634781003 -0.297025651
1756587605889139968.000000 1.846688747 0.646613121 0.015645187 0.263581187 -0.665098786 0.644327521 -0.270204872
1756587606122528512.000000 1.857670188 0.625596642 0.015138019 0.237271354 -0.672564030 0.656360805 -0.246070147
1756587606322574848.000000 1.867077231 0.604663253 0.015864477 0.215668604 -0.680583417 0.663032472 -0.225124896
1756587606522622464.000000 1.874531031 0.583130598 0.015578758 0.193766490 -0.687504828 0.669853866 -0.202700734
1756587606622644992.000000 1.878269792 0.572169483 0.014719220 0.182368442 -0.689866960 0.673579693 -0.192654803
1756587606822692352.000000 1.884429216 0.549478710 0.014742842 0.158025220 -0.696507156 0.679207265 -0.169065982
1756587607022739968.000000 1.888294697 0.527183235 0.014554411 0.135240525 -0.701571167 0.684173822 -0.146335647
1756587607222786304.000000 1.890105009 0.504385471 0.014460661 0.112548396 -0.705247104 0.688744485 -0.124862045
1756587607389492736.000000 1.891810656 0.484828144 0.014282594 0.091877393 -0.708435178 0.691859961 -0.104918770
1756587607589539328.000000 1.891217351 0.461199015 0.014664741 0.067499615 -0.711705208 0.694415808 -0.081891373
1756587607756245504.000000 1.890656471 0.441514164 0.013251729 0.048072573 -0.712505996 0.697297752 -0.061645821
1756587607956291840.000000 1.888184071 0.418594420 0.013575017 0.025114927 -0.714143932 0.698497176 -0.038332857
1756587608156335872.000000 1.884008050 0.395018935 0.013379902 0.001330763 -0.715313792 0.698629558 -0.015528706
1756587608889830912.000000 1.858142257 0.315664977 0.013931159 -0.087610744 -0.708704293 0.696188211 0.073379621
1756587609323253504.000000 1.829775929 0.271043390 0.013910087 -0.140955925 -0.701463103 0.687428355 0.124592468
1756587612157193728.000000 1.602739930 0.073392272 0.010539507 -0.348501503 -0.621619701 0.620353103 0.327563345
1756587614991112448.000000 1.341365457 -0.046550207 0.012415559 -0.397523880 -0.593825936 0.589338779 0.376862586
1756587617825218816.000000 1.069705844 -0.106982425 0.013827145 -0.455549091 -0.548115730 0.548485100 0.437273622
1756587620725928960.000000 0.786733329 -0.140720665 0.012785363 -0.479711473 -0.532460570 0.530792117 0.452352047
1756587623695228160.000000 0.511538267 -0.186956301 0.013289934 -0.455552608 -0.548158824 0.549312532 0.436176091
1756587626262437120.000000 0.265922338 -0.241335541 0.011934231 -0.454461247 -0.551289678 0.548735559 0.434089839
1756587628229072128.000000 0.083982900 -0.283991814 0.011722785 -0.447193950 -0.557002246 0.553017914 0.428879172
1756587630362397184.000000 -0.023632072 -0.234440207 0.010692086 -0.583943486 -0.415624827 0.415634841 0.559922934
1756587633062372096.000000 0.000113660 -0.151416793 0.004729161 -0.701950908 -0.129653320 0.134409875 0.687305570
1756587635862312192.000000 -0.005161505 -0.027238686 0.007912616 -0.713551641 -0.027101437 0.034401238 0.699232638
1756587636362355712.000000 0.005282408 -0.021017209 0.006892916 -0.713856101 0.014473646 -0.005959054 0.700117588
1756587636895732224.000000 0.005115470 -0.021475287 0.007324299 -0.713500023 0.014591734 -0.006187898 0.700475991
1756587637429074432.000000 0.005236666 -0.021514803 0.007421755 -0.713509083 0.014222104 -0.006273417 0.700473607
1756587637995735296.000000 0.005279558 -0.021488827 0.007720731 -0.713607192 0.014304546 -0.006205552 0.700372517
1756587638529063168.000000 0.005200887 -0.021488599 0.007802341 -0.713623464 0.014335926 -0.006236949 0.700354993
1756587639029198848.000000 0.005262296 -0.021515891 0.007755302 -0.713614166 0.014292516 -0.006253670 0.700365245
1756587639529900800.000000 0.005206046 -0.021599315 0.007788478 -0.713592768 0.014260944 -0.006301828 0.700387299
1756587640030544640.000000 0.005203682 -0.021580374 0.007790025 -0.713611901 0.014254863 -0.006273780 0.700368226
1756587640530687488.000000 0.005297638 -0.021683875 0.007889658 -0.713607550 0.014228090 -0.006259008 0.700373232
1756587641030820352.000000 0.005357770 -0.021583980 0.007890857 -0.713612080 0.014257910 -0.006213594 0.700368404
1756587641530913280.000000 0.005191440 -0.021560322 0.007858959 -0.713583589 0.014212248 -0.006326776 0.700397313
1756587642031009280.000000 0.005163995 -0.021675505 0.007802399 -0.713559926 0.014233198 -0.006298491 0.700421333
1756587642531122688.000000 0.005206733 -0.021625847 0.007766866 -0.713559270 0.014259491 -0.006299614 0.700421453
1756587643031247872.000000 0.004976123 -0.021588789 0.007742277 -0.713551104 0.014319209 -0.006413202 0.700427473
1756587643564757760.000000 0.005118511 -0.021384371 0.007822040 -0.713588893 0.014214980 -0.006406143 0.700391173
1756587644064911360.000000 0.005027434 -0.021414192 0.007680788 -0.713545799 0.014288406 -0.006407320 0.700433671
1756587644598366976.000000 0.005335355 -0.021570982 0.007903714 -0.713615537 0.014204656 -0.006240088 0.700365782
1756587645098482944.000000 0.005083016 -0.021623969 0.007613515 -0.713491082 0.014245227 -0.006373377 0.700490534
1756587645598603264.000000 0.005220844 -0.021577813 0.007808586 -0.713579834 0.014166933 -0.006329405 0.700402141
1756587646298765056.000000 0.005060670 -0.021742454 0.007943680 -0.713579535 0.014202463 -0.006447103 0.700400651
1756587646798876160.000000 0.005025811 -0.021590011 0.007751336 -0.713540196 0.014190225 -0.006446952 0.700441003
1756587647298981376.000000 0.005045763 -0.021504126 0.007725385 -0.713518143 0.014156312 -0.006465149 0.700463951
1756587647799083520.000000 0.004936408 -0.021627098 0.007896448 -0.713536382 0.014226409 -0.006482759 0.700443804
1756587648299196416.000000 0.005004332 -0.021655332 0.007678580 -0.713467360 0.014290151 -0.006432083 0.700513303
1756587648799313664.000000 0.005220344 -0.021552324 0.007278094 -0.713311851 0.014028942 -0.006393989 0.700677276
1756587649299423488.000000 0.005096771 0.002687488 0.009521136 -0.714286208 0.015009231 -0.007431621 0.699653327
1756587649799530496.000000 0.007075246 0.053339668 0.009004639 -0.713838041 0.015913585 -0.008207377 0.700082004
1756587650200264448.000000 0.008633455 0.093909457 0.009364682 -0.714096606 0.026783891 -0.019920278 0.699250937
1756587650567934720.000000 0.023600424 0.132444382 0.009819278 -0.709841609 0.073037446 -0.066046081 0.697444141
1756587651068979456.000000 0.052126404 0.181547374 0.011516383 -0.700010836 0.132665396 -0.123862773 0.690682888
1756587651602298112.000000 0.089402631 0.229680136 0.013040990 -0.684333801 0.196563706 -0.184980750 0.677371502
1756587652135625728.000000 0.135392115 0.268400520 0.014430889 -0.662962079 0.257523626 -0.245299563 0.658779979
1756587652668980992.000000 0.172143385 0.307290733 0.013989974 -0.660955966 0.263368160 -0.251308084 0.656215489
1756587653168991488.000000 0.204879567 0.343681335 0.014177056 -0.662151933 0.262501717 -0.251454949 0.655299962
1756587653702321408.000000 0.249387383 0.377836138 0.014955538 -0.647931576 0.293689430 -0.283420861 0.643120408
1756587654202318080.000000 0.299434394 0.403564006 0.015662964 -0.627991557 0.334368825 -0.323934972 0.623610795
1756587654768977408.000000 0.354099840 0.428563148 0.014223892 -0.615320385 0.359224975 -0.345078647 0.610949218
1756587655235634688.000000 0.403542846 0.444647104 0.015271872 -0.594043016 0.395502836 -0.378538519 0.589405656
1756587655768946944.000000 0.460652947 0.456545442 0.015377728 -0.576656699 0.423502713 -0.402090818 0.571345389
1756587656302269184.000000 0.512562394 0.472169340 0.014328487 -0.570301652 0.430520087 -0.409806520 0.566980720
1756587656768923136.000000 0.565716326 0.469870567 0.014532510 -0.531950176 0.476965368 -0.456656724 0.530092239
1756587657268913664.000000 0.618500650 0.456599891 0.016141223 0.487485081 -0.520281792 0.500096977 -0.491495997
1756587657802228224.000000 0.672651529 0.436710417 0.015692538 0.438568413 -0.563033044 0.542555213 -0.443041056
1756587658235545856.000000 0.712257087 0.414272577 0.013978997 0.395790458 -0.592628658 0.575598121 -0.401033729
1756587658702187264.000000 0.755403340 0.401064068 0.014750127 0.399685144 -0.590284646 0.573358357 -0.403826803
1756587659168850432.000000 0.798679233 0.372803062 0.014369423 0.365435958 -0.611974120 0.595820487 -0.370056927
1756587659668873472.000000 0.839990318 0.354492337 0.015400827 0.366318464 -0.608903766 0.596706569 -0.372811317
1756587660168884736.000000 0.887918115 0.331391215 0.015131801 0.369025230 -0.612411737 0.592919290 -0.370430768
1756587660635548416.000000 0.928452134 0.303619921 0.015511436 0.342172951 -0.626271248 0.608749032 -0.346592933
1756587661168870144.000000 0.972081780 0.273977429 0.014635423 0.335028052 -0.631357133 0.611765981 -0.338949680
1756587661702182912.000000 1.015570164 0.246507093 0.016370434 0.334006041 -0.629314721 0.612277269 -0.342811167
1756587662268838656.000000 1.063371181 0.217753813 0.015331680 0.334393442 -0.630061448 0.611079335 -0.343199313
1756587662735500288.000000 1.104794860 0.193076074 0.014019208 0.335485041 -0.630990505 0.609316051 -0.343561918
1756587663202800384.000000 1.144430876 0.181519896 0.015012063 0.366052985 -0.610547066 0.593862712 -0.374919355
1756587663737495296.000000 1.195869446 0.156822443 0.015353540 0.369067788 -0.614016116 0.590148270 -0.372153461
1756587664271281152.000000 1.241917849 0.134995550 0.015276726 0.368693650 -0.612499416 0.591019392 -0.373638242
1756587664671160064.000000 1.276943445 0.119422019 0.015514178 0.367840081 -0.611365497 0.592628658 -0.373787701
1756587665071034368.000000 1.313017964 0.103284158 0.013954738 0.369343817 -0.611295819 0.592630148 -0.372413903
1756587665470919424.000000 1.347849011 0.087553583 0.014833126 0.370222539 -0.610829413 0.591384828 -0.374281615
1756587665870784512.000000 1.383054614 0.070075564 0.015648818 0.370111465 -0.611481726 0.590843320 -0.374181658
1756587666204380928.000000 1.411919832 0.056585826 0.015028277 0.370908469 -0.610548675 0.590210795 -0.375910133
1756587666538113280.000000 1.441155076 0.041750420 0.015020611 0.370604753 -0.610869467 0.589872003 -0.376220405
1756587666905266176.000000 1.473103642 0.027856000 0.014670253 0.369758040 -0.610396028 0.591363072 -0.375480384
1756587667271978240.000000 1.504819632 0.013809107 0.013692286 0.375854373 -0.607023716 0.587299466 -0.381228358
1756587667638635520.000000 1.538284540 0.013977232 0.014367793 0.414865762 -0.581893146 0.561890244 -0.416612744
1756587667971958528.000000 1.568251848 0.016721463 0.014215546 0.446461141 -0.557990968 0.538292825 -0.446720839
1756587668438629632.000000 1.607541800 0.025962846 0.014942857 0.488688856 -0.521091044 0.501085520 -0.488426745
1756587668771959552.000000 1.635238409 0.036196087 0.014576949 -0.516785562 0.493820310 -0.474508107 0.513727784
1756587669105349120.000000 1.660265565 0.048647337 0.014288832 -0.542736113 0.464010298 -0.444344282 0.541008353
1756587669438818048.000000 1.683716536 0.061048634 0.013650820 -0.564732254 0.433380336 -0.414228648 0.567162693
1756587669805635584.000000 1.711400867 0.080207705 0.013247941 -0.589482129 0.399519771 -0.379690617 0.590533495
1756587670172372480.000000 1.734148026 0.103157163 0.013316924 -0.614202857 0.361840308 -0.342722058 0.611856341
1756587670539032064.000000 1.755393505 0.129481539 0.011815263 -0.634715438 0.323202074 -0.306005031 0.631694317
1756587670872351488.000000 1.771795750 0.154419944 0.010958344 -0.654006124 0.286672205 -0.269593567 0.646076202
1756587671239008256.000000 1.785347223 0.182048142 0.010179481 -0.669394970 0.245283037 -0.230601907 0.662245750
1756587671572325888.000000 1.794211388 0.205878705 0.010789892 -0.680722058 0.207640827 -0.194194213 0.675123274
1756587671905637120.000000 1.800687790 0.233527124 0.010740791 -0.692175686 0.168555409 -0.154982910 0.684443057
1756587672238946816.000000 1.804916739 0.261189848 0.012072849 -0.702344060 0.129885703 -0.115965076 0.690213501
1756587672572250112.000000 1.805765986 0.288352430 0.013267304 -0.706202626 0.095144622 -0.082274050 0.696747065
1756587673105534464.000000 1.819207668 0.336967826 0.013312863 -0.707575977 0.086896680 -0.073113203 0.697452366
1756587673405525504.000000 1.814675570 0.362196773 0.014544841 -0.712090194 0.049976751 -0.038299520 0.699258983
1756587673738842624.000000 1.808070660 0.390753925 0.014469980 -0.713402152 0.009744753 0.001329464 0.700685918
1756587674005492480.000000 1.800643444 0.413550258 0.014196108 -0.713669837 -0.021923138 0.032727916 0.699373841
1756587674338815744.000000 1.790491700 0.443434715 0.014956670 -0.713825047 -0.046146620 0.056891061 0.696482420
1756587674772124416.000000 1.781402349 0.481451243 0.014224516 -0.710307419 -0.064849794 0.074811623 0.696893930
1756587675506688768.000000 1.746272802 0.538353622 0.014688653 -0.702113807 -0.128290191 0.135944471 0.687093079
1756587676007965184.000000 1.728106022 0.583864629 0.014959699 -0.701799452 -0.129509330 0.136739403 0.687027812
1756587677107638528.000000 1.670001745 0.664965630 0.015774788 -0.685148716 -0.198809817 0.205285996 0.670002699
1756587679707912448.000000 1.478147984 0.780329466 0.018091919 -0.587128401 -0.406242043 0.407655567 0.569266677
1756587682474787072.000000 1.227321744 0.728399694 0.013918427 -0.454039872 -0.552826226 0.547667921 0.433925003
1756587683141401600.000000 1.165229440 0.715636313 0.013932311 -0.454308718 -0.551273108 0.547791302 0.435460865
1756587683474717952.000000 1.135555506 0.709289134 0.014770702 -0.449060023 -0.554467678 0.551848173 0.431710988
1756587686074821120.000000 0.966231465 0.547384858 0.010898282 -0.277164251 -0.656811476 0.651990891 0.258237422
1756587688874783232.000000 0.833023190 0.328628242 0.012330037 -0.195533276 -0.684688866 0.679123819 0.178209707
1756587691608942336.000000 0.681955576 0.108212501 0.011330426 -0.229028761 -0.677969038 0.666055739 0.210412920
1756587692109619200.000000 0.655112922 0.071634844 0.012280948 -0.229043022 -0.676307678 0.667579234 0.210915461
1756587692443029760.000000 0.625040054 0.049623918 0.011921161 -0.265053391 -0.663876593 0.654332101 0.246706471
1756587692809782528.000000 0.588445306 0.027526161 0.011673002 -0.305744231 -0.646477520 0.637835741 0.285924613
1756587693343242496.000000 0.545756876 -0.002096768 0.012554462 -0.314813316 -0.641039491 0.634434164 0.295726806
1756587693843364096.000000 0.503381789 -0.031604156 0.013611548 -0.332001776 -0.633680880 0.625316322 0.311773926
1756587694376823296.000000 0.453940153 -0.053533409 0.013054316 -0.358015001 -0.618510246 0.612649858 0.337535888
1756587694876940032.000000 0.406511128 -0.075190946 0.011799240 -0.376514524 -0.607403338 0.602874875 0.354739338
1756587695377061376.000000 0.363709778 -0.095391914 0.012667470 -0.380491883 -0.604421616 0.600775421 0.359122962
1756587695677134848.000000 0.337769747 -0.107916974 0.013637219 -0.381277561 -0.604249299 0.600543559 0.358967513
1756587696077232128.000000 0.302908182 -0.125370562 0.012491786 -0.381966919 -0.602813184 0.600794971 0.360226274
1756587696410643968.000000 0.271690160 -0.138823524 0.012581782 -0.393399328 -0.597725272 0.592580914 0.369877458
1756587696810736896.000000 0.226107568 -0.144048616 0.012187290 -0.432589173 -0.569130957 0.565361619 0.411488593
1756587697210827776.000000 0.182739690 -0.142934874 0.012426334 -0.467633694 -0.539850712 0.539037287 0.446451336
1756587697710939392.000000 0.131551430 -0.146843240 0.012023150 -0.475621045 -0.535828292 0.531449914 0.451922297
1756587698211058176.000000 0.084246717 -0.153839305 0.011007507 -0.474292070 -0.536224544 0.531794906 0.452442706
1756587698677848576.000000 0.039232805 -0.160188973 0.009340154 -0.472525626 -0.537617505 0.533811867 0.450257629
1756587698977929472.000000 0.011892514 -0.164140999 0.010046340 -0.470938087 -0.537071168 0.535798848 0.450212836
1756587699378024704.000000 -0.025919449 -0.169793770 0.010131058 -0.473549247 -0.539201140 0.533003271 0.448241889
1756587699711436544.000000 -0.026085377 -0.169522807 0.009280870 -0.477397263 -0.532232761 0.529199719 0.456911087
1756587700044849664.000000 -0.031215390 -0.158723548 0.010517756 -0.506247401 -0.506262958 0.503497541 0.483633876
1756587700378276096.000000 -0.036279123 -0.148774534 0.010746181 -0.534699500 -0.477697939 0.475418389 0.509782851
1756587700845073920.000000 -0.040707853 -0.134065270 0.011730613 -0.569723427 -0.436486900 0.434404254 0.544231057
1756587701311862272.000000 -0.040786158 -0.120202169 0.011273669 -0.599539578 -0.391273707 0.392222375 0.577597499
1756587703845814016.000000 -0.017188553 -0.044616621 0.006430323 -0.704818368 -0.117309697 0.121602483 0.688971937
1756587706446477568.000000 0.010631714 -0.025191780 0.010065279 -0.706291735 0.003821555 0.005343691 0.707890391
1756587706946612480.000000 0.010871432 -0.019558715 0.007781817 -0.713274419 0.003381099 0.003954978 0.700865626
1756587707480073216.000000 0.013247443 -0.018255981 0.008234224 -0.713317513 0.012127610 -0.004292167 0.700722992
1756587707980190208.000000 0.013563558 -0.018650848 0.008196531 -0.713079631 0.012230785 -0.004063422 0.700964630
1756587708513650944.000000 0.013277007 -0.018670244 0.008126536 -0.713012099 0.012291281 -0.004261258 0.701031089
1756587709047111680.000000 0.013487617 -0.018759975 0.008248915 -0.713067234 0.012126613 -0.004189012 0.700978339
1756587709547228160.000000 0.013235312 -0.018727530 0.008115543 -0.713006377 0.012077602 -0.004401581 0.701039672
1756587710047344896.000000 0.013193820 -0.018645683 0.008142222 -0.713019252 0.012082924 -0.004438438 0.701026320
1756587710547476736.000000 0.013179887 -0.018629758 0.008136434 -0.713011622 0.012117655 -0.004412529 0.701033652
1756587711080949504.000000 0.013258047 -0.018474970 0.008068021 -0.712996662 0.012125514 -0.004365670 0.701048970
1756587711581069568.000000 0.013422607 -0.018671263 0.008269541 -0.713029385 0.012179847 -0.004270869 0.701015413
1756587712081188864.000000 0.013395444 -0.018628048 0.008276181 -0.713041544 0.012155931 -0.004297663 0.701003313
1756587712581296384.000000 0.013259833 -0.018733263 0.008131316 -0.712998271 0.012201532 -0.004334894 0.701046288
1756587713081406720.000000 0.013440398 -0.018708885 0.008252116 -0.713022530 0.012144770 -0.004291803 0.701022863
1756587713581544192.000000 0.013516935 -0.018848049 0.008212574 -0.712983608 0.012152862 -0.004201066 0.701062858
1756587714081681152.000000 0.013539312 -0.018877104 0.008203842 -0.712949634 0.012084050 -0.004224246 0.701098442
1756587714615155456.000000 0.013616633 -0.019016711 0.008163162 -0.712931335 0.012101223 -0.004146007 0.701117218
1756587715115282944.000000 0.013556464 -0.018901609 0.008204418 -0.712936878 0.012063655 -0.004184600 0.701112032
1756587715615392512.000000 0.013558931 -0.018909801 0.008198975 -0.712947011 0.012113150 -0.004182748 0.701100886
1756587716148841984.000000 0.013521447 -0.018860266 0.008207418 -0.712946236 0.012141559 -0.004211443 0.701101005
1756587716648953088.000000 0.013545210 -0.018899947 0.008198440 -0.712966025 0.012060543 -0.004238791 0.701082110
1756587717149063680.000000 0.013638083 -0.019065324 0.008152712 -0.712925971 0.012027338 -0.004194619 0.701123655
