1756483233734114048.000000 0.005241507 -0.017584763 0.004837534 -0.696058095 0.000924794 -0.005040362 0.717967212
1756483234000843264.000000 0.006043680 0.010239758 0.005427523 -0.698668182 0.000554847 -0.006614147 0.715415061
1756483234267574784.000000 0.007032727 0.035167996 0.005946230 -0.697617888 -0.000065157 -0.006223475 0.716443002
1756483234534305536.000000 0.007357592 0.059494980 0.006475624 -0.695079267 0.000732723 -0.006265059 0.718905509
1756483234801037568.000000 0.007932732 0.087164551 0.006391977 -0.697110891 0.001114084 -0.005521084 0.716941297
1756483235067769088.000000 0.008664539 0.114118375 0.006741639 -0.697700500 0.001206557 -0.005177214 0.716369867
1756483235601234688.000000 0.016668232 0.169043660 0.007236735 -0.697073042 0.030917091 -0.035383057 0.715458870
1756483235867967488.000000 0.029628253 0.197482273 0.008091521 -0.694515347 0.064705782 -0.067032970 0.713420033
1756483236134702848.000000 0.034638703 0.224019274 0.007963541 -0.696402133 0.064013951 -0.065780006 0.711757898
1756483236301412608.000000 0.037427165 0.238836035 0.008372539 -0.695292115 0.064558744 -0.065683447 0.712801993
1756483236801544192.000000 0.046026215 0.287392318 0.009070270 -0.695351899 0.065632805 -0.069520317 0.712281585
1756483236968255232.000000 0.055676643 0.305225253 0.008727082 -0.693399608 0.088180520 -0.091724589 0.709230542
1756483237068282368.000000 0.061131347 0.315063596 0.008897998 -0.690643728 0.099695645 -0.103225529 0.708813488
1756483237234996480.000000 0.072415635 0.331607610 0.009292511 -0.687696457 0.121084005 -0.123749204 0.705052078
1756483237335025152.000000 0.079562701 0.341297328 0.009622139 -0.685676992 0.133572921 -0.135751098 0.702550411
1756483237501740032.000000 0.087607615 0.356983811 0.009778034 -0.686268747 0.137176454 -0.140232891 0.700394571
1756483237901855744.000000 0.102760166 0.392939001 0.010342449 -0.686102867 0.137630031 -0.140113056 0.700492084
1756483238101911808.000000 0.109975457 0.411068201 0.010644487 -0.685557902 0.136512488 -0.139572933 0.701351643
1756483238468680448.000000 0.123703741 0.444383293 0.011048853 -0.685654759 0.137351021 -0.140004560 0.701007187
1756483238868793088.000000 0.139873236 0.481872678 0.011333182 -0.685806334 0.138664469 -0.140821323 0.700436532
1756483239268904960.000000 0.155005783 0.518507898 0.011191694 -0.685919583 0.137298137 -0.140431926 0.700672925
1756483239502302976.000000 0.164617032 0.540974319 0.010863988 -0.686803043 0.138010547 -0.140356779 0.699681878
1756483239935758080.000000 0.183172598 0.579792619 0.011488883 -0.683786035 0.146564454 -0.150219068 0.698848963
1756483240169149184.000000 0.201654226 0.600090265 0.011480949 -0.676837444 0.176414698 -0.179612458 0.691742957
1756483240402536448.000000 0.219496727 0.618434489 0.012458719 -0.669790208 0.201939985 -0.205673650 0.684324265
1756483240635923712.000000 0.239440963 0.635276675 0.013472745 -0.661547184 0.227615073 -0.231641352 0.675935686
1756483240869312000.000000 0.256151587 0.654484630 0.013241960 -0.662339151 0.231820136 -0.235595182 0.672355056
1756483241369418752.000000 0.284737319 0.690573454 0.013691599 -0.660900116 0.230295062 -0.233950391 0.674864829
1756483241669480192.000000 0.303227007 0.715693712 0.013294527 -0.663221657 0.230504423 -0.234262824 0.672402918
1756483242002881024.000000 0.322518766 0.740912199 0.013946215 -0.661780417 0.230128109 -0.234427705 0.673892736
1756483242369648896.000000 0.349976033 0.767468691 0.013365713 -0.659317076 0.241671920 -0.245154560 0.668427169
1756483242869785600.000000 0.381384611 0.803578913 0.014415868 -0.658157110 0.243824884 -0.246049285 0.668459773
1756483243369905920.000000 0.413705796 0.841166556 0.013504697 -0.659608841 0.244083971 -0.245247021 0.667227983
1756483243836678400.000000 0.441286802 0.874600828 0.014132543 -0.660321891 0.242371663 -0.244472682 0.667430937
1756483244170079744.000000 0.461827457 0.899925470 0.014114082 -0.660073757 0.242798626 -0.245362490 0.667194664
1756483244436793344.000000 0.479348540 0.920240998 0.013831225 -0.661323011 0.241231337 -0.244606808 0.666803420
1756483244936879616.000000 0.507391453 0.955111384 0.014246901 -0.658452332 0.239976853 -0.246674061 0.669330716
1756483245436991488.000000 0.540079355 0.993204653 0.013663411 -0.660720408 0.239691749 -0.243563607 0.668336153
1756483245937106944.000000 0.568815529 1.029299021 0.014303991 -0.658791125 0.238085300 -0.242885605 0.671056092
1756483246237177344.000000 0.587294757 1.052586794 0.014057199 -0.659159362 0.238812447 -0.243475407 0.670221865
1756483246703955456.000000 0.615270734 1.087318897 0.014485563 -0.660011470 0.238566399 -0.242500558 0.669824183
1756483247104050944.000000 0.638664365 1.115969062 0.014999276 -0.658469081 0.237832040 -0.243354350 0.671292126
1756483247337440512.000000 0.652168453 1.136383533 0.014385339 -0.663257599 0.231455863 -0.237719595 0.670825541
1756483247604172544.000000 0.657313347 1.155196667 0.015780801 -0.668855429 0.201479360 -0.208395138 0.684551001
1756483248104294144.000000 0.684942544 1.195584297 0.015713794 -0.670460105 0.202243432 -0.206875831 0.683215439
1756483248437707008.000000 0.697066128 1.223614097 0.014986031 -0.675897837 0.182020769 -0.186108157 0.689488530
1756483248837803008.000000 0.715345025 1.257679939 0.014813741 -0.676036656 0.179145575 -0.185263962 0.690332234
1756483249104532480.000000 0.719977617 1.280736566 0.015098936 -0.682545006 0.150610596 -0.155434489 0.698060870
1756483249404602112.000000 0.720359385 1.307446480 0.015482046 -0.689203262 0.114889540 -0.120384477 0.705199957
1756483249671329280.000000 0.719576657 1.331275702 0.015538760 -0.694631577 0.085775651 -0.090320855 0.708499610
1756483249938057728.000000 0.726421714 1.355530620 0.016991895 -0.693176210 0.086609364 -0.090865724 0.709752798
1756483250371488768.000000 0.735877812 1.396650076 0.016937109 -0.693166256 0.086469211 -0.091591828 0.709686279
1756483250871599872.000000 0.747937202 1.445951939 0.017067889 -0.692470074 0.088332370 -0.093433440 0.709896386
1756483251371716096.000000 0.752405703 1.494370341 0.016914614 -0.697881401 0.059826415 -0.063896559 0.710844338
1756483251605104384.000000 0.747766316 1.514562488 0.016788647 -0.698278308 0.032582112 -0.036617734 0.714146376
1756483251938515712.000000 0.739832938 1.540946484 0.018009573 -0.697176397 -0.006994455 0.003471802 0.716857195
1756483254472543232.000000 0.642768562 1.760995030 0.016144488 -0.682337821 -0.149211362 0.146846265 0.700419307
1756483257375678976.000000 0.535607755 2.026683807 0.018013209 -0.690541327 -0.123794749 0.123094589 0.701908350
1756483259308987648.000000 0.480323792 2.205219269 0.019419771 -0.691541374 -0.106322899 0.108859204 0.706127286
1756483262178228992.000000 0.479452521 2.498329639 0.021590639 -0.700968981 0.024162374 -0.025217881 0.712336123
1756483262544805632.000000 0.481067568 2.533510447 0.021600064 -0.701334715 0.021967860 -0.024216941 0.712081969
1756483262978011392.000000 0.484304279 2.576215982 0.022721853 -0.701988399 0.023342837 -0.024364980 0.711388588
1756483263344578048.000000 0.497514367 2.615408897 0.022935800 -0.699962914 0.062542215 -0.062448509 0.708689332
1756483263844424704.000000 0.505487680 2.662855864 0.022494212 -0.700698733 0.058575869 -0.059578024 0.708548307
1756483264344279296.000000 0.515286565 2.710711956 0.022457696 -0.698796511 0.066551276 -0.068916358 0.708875775
1756483264744164096.000000 0.538196683 2.750252724 0.022494087 -0.693301201 0.117669828 -0.120268777 0.700730205
1756483265277337856.000000 0.553051531 2.797820807 0.023067497 -0.690819144 0.115439557 -0.120436981 0.703518033
1756483265677218560.000000 0.569596589 2.835240602 0.023620307 -0.689776301 0.130713418 -0.135064423 0.699199736
1756483266010436352.000000 0.593465626 2.864020824 0.024217144 -0.681104541 0.170244470 -0.174583107 0.690387011
1756483266377006848.000000 0.621331632 2.895114183 0.023162926 -0.674313128 0.200951114 -0.204476386 0.680521786
1756483266910178816.000000 0.647295713 2.933117390 0.025311969 -0.667623997 0.200638205 -0.206668794 0.686520636
1756483267243419136.000000 0.679742873 2.959540367 0.023791498 -0.659655213 0.241685793 -0.246346429 0.667649984
1756483267643311616.000000 0.717451990 2.984357834 0.024164628 -0.645340860 0.278806567 -0.282698780 0.652597487
1756483268143163648.000000 0.751608789 3.017979383 0.024569470 -0.647157490 0.276031137 -0.279600859 0.653312683
1756483268509752320.000000 0.785573840 3.038255930 0.024652541 -0.633912921 0.304129511 -0.307703048 0.641076088
1756483268843001344.000000 0.818825603 3.052165508 0.026377022 -0.620038092 0.333983570 -0.336153299 0.625306904
1756483269342882560.000000 0.857459009 3.079254389 0.025865585 -0.620722532 0.329452068 -0.333674580 0.628351986
1756483269642810624.000000 0.890954435 3.088483810 0.025676664 -0.604165852 0.359803796 -0.362250417 0.611800253
1756483269942729472.000000 0.923482239 3.096994638 0.026463032 -0.589334071 0.385641515 -0.387279302 0.594962895
1756483270475921664.000000 0.967737854 3.118946314 0.025530323 -0.590445101 0.382400036 -0.384827495 0.597538769
1756483270742509568.000000 0.997683823 3.122669697 0.025234183 -0.571203768 0.409703881 -0.414044231 0.578304768
1756483271009087488.000000 1.028062224 3.124152184 0.025638347 -0.552470386 0.435363740 -0.439934433 0.558294415
1756483271275692544.000000 1.053516030 3.127410650 0.026294056 -0.549453795 0.438533664 -0.444317400 0.555311501
1756483271608945664.000000 1.084846973 3.134371042 0.025953548 -0.550031245 0.438367307 -0.444324732 0.554865122
1756483271908862208.000000 1.112772703 3.139747143 0.025922066 -0.546602786 0.440304041 -0.447673172 0.554027617
1756483272175608320.000000 1.143916726 3.137630939 0.025630852 -0.525687397 0.467560560 -0.473674953 0.529784799
1756483272442581760.000000 1.171491027 3.136103392 0.026339028 -0.519376814 0.474781722 -0.480214983 0.523663700
1756483272742959360.000000 1.199580312 3.138726711 0.026332302 -0.519637287 0.473582715 -0.479876399 0.524800241
1756483273043372544.000000 1.229236841 3.141822338 0.026320357 -0.516115725 0.477367342 -0.484769076 0.520330548
1756483273310064640.000000 1.257174492 3.135162115 0.026867056 -0.491573125 0.502014935 -0.510102868 0.496116877
1756483273576727040.000000 1.285368204 3.125515461 0.026375795 -0.467598975 0.521870434 -0.533309937 0.473901927
1756483273876718592.000000 1.313767433 3.122601986 0.026096703 -0.469052434 0.521503806 -0.532661974 0.473597795
1756483274310042368.000000 1.353760481 3.118110657 0.026607107 -0.469033927 0.520355344 -0.533183277 0.474292278
1756483274510038016.000000 1.373380423 3.112375021 0.026678963 -0.455379635 0.531859815 -0.544977546 0.461252749
1756483274776696320.000000 1.400000215 3.100050449 0.027630966 -0.430363655 0.551967800 -0.565929651 0.435709149
1756483275010017792.000000 1.422338128 3.086935759 0.028112769 -0.409963489 0.568324983 -0.581193089 0.413704425
1756483275243747328.000000 1.445247173 3.071386814 0.026715009 -0.388277382 0.584351778 -0.596103013 0.390428960
1756483275477652992.000000 1.465036869 3.061717510 0.026992358 -0.387981117 0.584528327 -0.596184611 0.390334636
1756483275811841024.000000 1.493376732 3.049630880 0.028191755 -0.386597157 0.586211264 -0.596910954 0.388067454
1756483276079220992.000000 1.514639497 3.029528379 0.028419593 -0.356338561 0.602771342 -0.616095185 0.360716373
1756483276312519424.000000 1.533885360 3.010047436 0.027842404 -0.332443506 0.618642092 -0.628146768 0.334955096
1756483276545813248.000000 1.551153541 2.990799904 0.027397024 -0.309353411 0.630978107 -0.640145183 0.310453236
1756483276745774848.000000 1.564635277 2.972294331 0.026931781 -0.289377123 0.639801562 -0.650029123 0.290477395
1756483276945733376.000000 1.574751496 2.954237938 0.027215177 -0.267594248 0.647430718 -0.660777509 0.269443870
1756483277179147008.000000 1.588821769 2.929639578 0.026079429 -0.243446514 0.659485936 -0.668133140 0.243742377
1756483277379378944.000000 1.597962856 2.908854723 0.025420709 -0.221489042 0.667116702 -0.675923049 0.221418247
1756483277613002496.000000 1.611011267 2.892473936 0.024603678 -0.223485291 0.665564895 -0.676683664 0.221758962
1756483277813268736.000000 1.622831821 2.875432491 0.023793276 -0.224547237 0.667090535 -0.674650967 0.222294614
1756483278113647872.000000 1.639746904 2.853307486 0.022628013 -0.225408465 0.665811598 -0.675369680 0.223073661
1756483278413659904.000000 1.655917764 2.830654144 0.022031261 -0.226945296 0.665046692 -0.674679339 0.225868434
1756483278613666048.000000 1.667787552 2.814089537 0.021690881 -0.227831095 0.667285323 -0.672922790 0.223602757
1756483278980337408.000000 1.687898278 2.785839558 0.021629702 -0.227891654 0.667191327 -0.673577785 0.221842602
1756483279246998528.000000 1.703482270 2.764149904 0.021080757 -0.219829112 0.670118749 -0.676795363 0.211102039
1756483279446987264.000000 1.711802959 2.749154568 0.021715438 -0.217933476 0.669092655 -0.678573728 0.210612878
1756483279713636096.000000 1.725086808 2.728064299 0.021242727 -0.216510743 0.668725491 -0.679200470 0.211225256
1756483280046939136.000000 1.741832018 2.702293158 0.021406429 -0.216748878 0.667510688 -0.679903805 0.212556392
1756483280413596416.000000 1.760185838 2.671769857 0.021347146 -0.211230665 0.668395877 -0.682475984 0.207014814
1756483280613589760.000000 1.766239882 2.652170420 0.022172013 -0.186600924 0.674480855 -0.690880179 0.181494519
1756483280846910976.000000 1.777629852 2.627925396 0.020962033 -0.182665631 0.679529965 -0.688628376 0.175109521
1756483281380233472.000000 1.800794363 2.583940983 0.022066476 -0.183997497 0.679065406 -0.688637197 0.175482169
1756483281580232704.000000 1.810272336 2.565162182 0.021224031 -0.185714960 0.680709302 -0.685950041 0.177812874
1756483281780230400.000000 1.816116452 2.547719955 0.022380641 -0.169259667 0.683305562 -0.691347659 0.162736401
1756483282013556992.000000 1.819867373 2.523376465 0.022828072 -0.142307147 0.688754439 -0.697519481 0.137232214
1756483282280222720.000000 1.824070096 2.497674942 0.023876131 -0.124117516 0.690440476 -0.702263415 0.121296659
1756483282613552128.000000 1.834151864 2.467043400 0.023153838 -0.123890959 0.690978467 -0.702010632 0.119920582
1756483282813547008.000000 1.837295651 2.446226120 0.023431856 -0.108180381 0.693663180 -0.704500794 0.103957050
1756483283080201728.000000 1.836587787 2.417090178 0.024174012 -0.075730979 0.696320176 -0.710283041 0.070007406
1756483283280204032.000000 1.835102081 2.392348766 0.024554856 -0.051607370 0.700534165 -0.710267663 0.045918737
1756483283480203264.000000 1.834560752 2.371736050 0.024998272 -0.042098116 0.700963199 -0.710944533 0.037899390
1756483284013523456.000000 1.838913202 2.319189548 0.024236029 -0.042642295 0.702215850 -0.709608793 0.039114866
1756483284280190720.000000 1.839560747 2.292103767 0.024822606 -0.027988026 0.703703403 -0.709582627 0.022599261
1756483284513526016.000000 1.833809614 2.267048836 0.025084738 0.000126271 0.701473892 -0.712676525 -0.005161111
1756483287113434624.000000 1.791086316 2.010482788 0.026130948 0.055920269 0.701364994 -0.708213866 -0.058251318
1756483289946674176.000000 1.700648904 1.757079124 0.026335044 0.117402308 0.693512380 -0.699799597 -0.124651141
1756483292381560320.000000 1.620481014 1.541820645 0.024768379 -0.114845514 -0.696135879 0.698769510 0.118011050
1756483293581868544.000000 1.591061234 1.430721760 0.022203945 -0.076116003 -0.704412818 0.701556861 0.076334566
1756483294382052096.000000 1.584001422 1.356518269 0.021589823 -0.044110399 -0.706915319 0.704451859 0.045526050
1756483295148902144.000000 1.604920268 1.294872284 0.021122565 -0.045201320 0.702240825 -0.709036529 0.045627464
1756483295482311168.000000 1.618283749 1.269456863 0.019784179 -0.082614891 0.697018802 -0.707234800 0.084608175
1756483295782379008.000000 1.634230375 1.244175911 0.017671227 -0.116933212 0.693631232 -0.700745285 0.118989080
1756483296082447104.000000 1.653045416 1.221514225 0.016822414 -0.151762113 0.688072622 -0.692870855 0.153148234
1756483296349176832.000000 1.669751763 1.206182241 0.016595619 -0.181253880 0.678126872 -0.687773228 0.185091823
1756483296615907584.000000 1.686332107 1.190196276 0.016950350 -0.209491909 0.669899702 -0.679920852 0.212262094
1756483296915978752.000000 1.707252026 1.175858498 0.017123673 -0.244327262 0.658143640 -0.667515099 0.248142675
1756483297149370112.000000 1.725675106 1.162471294 0.018425133 -0.262586772 0.653607488 -0.659270883 0.263072968
1756483297482799360.000000 1.747780561 1.138197899 0.017852750 0.261546671 -0.654829979 0.659604311 -0.260217905
1756483297749542656.000000 1.764218569 1.117765784 0.017323816 0.262394845 -0.655084014 0.659001470 -0.260251760
1756483298049630208.000000 1.783361673 1.097006083 0.016404986 0.263183445 -0.654397428 0.658960044 -0.261285543
1756483298283029504.000000 1.797539234 1.077201486 0.015259787 -0.251600504 0.658870101 -0.663786292 0.248948067
1756483298549770496.000000 1.809744239 1.049124122 0.016265228 -0.219577238 0.669637024 -0.675323427 0.217509866
1756483298849856256.000000 1.823292851 1.021344185 0.015995739 -0.206515059 0.673492670 -0.679803610 0.204025179
1756483299116597504.000000 1.836423159 0.999481976 0.016810600 -0.207553029 0.673803508 -0.679274917 0.203706175
1756483299450014976.000000 1.853143811 0.971734822 0.016295042 -0.208654657 0.672838807 -0.679603875 0.204669848
1756483299683408384.000000 1.865246534 0.950543523 0.017229810 -0.194057956 0.677446306 -0.683858037 0.189067021
1756483299883459328.000000 1.871003985 0.927254856 0.016563980 -0.171698794 0.682531178 -0.690719485 0.166064531
1756483300183535616.000000 1.884120345 0.901431561 0.017385881 -0.173898295 0.683358192 -0.688856721 0.168099731
1756483300516950272.000000 1.899084449 0.870952249 0.016380921 -0.173460901 0.682612240 -0.689687848 0.168174118
1756483300716999168.000000 1.907325029 0.853277326 0.015881145 -0.173366055 0.682365894 -0.689969301 0.168117538
1756483300950390528.000000 1.914277911 0.828033507 0.015925569 -0.152968064 0.687462807 -0.694021463 0.149432287
1756483301183776512.000000 1.915838242 0.800856233 0.016665220 -0.123432927 0.693005502 -0.700182676 0.119381711
1756483301450497280.000000 1.919349194 0.769506514 0.016424965 -0.090653896 0.697880208 -0.705218077 0.086096779
1756483301650536448.000000 1.920516849 0.746054709 0.015882500 -0.065972693 0.699928641 -0.708583832 0.060468208
1756483301850576384.000000 1.922410607 0.725570440 0.014286237 -0.065881073 0.701463580 -0.707108676 0.060049560
1756483302083954688.000000 1.925682664 0.704994500 0.014299070 -0.066614211 0.698832691 -0.709594965 0.060583532
1756483302584062464.000000 1.934139132 0.653016329 0.012611836 -0.067386851 0.700845420 -0.707489133 0.061106019
1756483302817445632.000000 1.931388259 0.626541376 0.013506640 -0.037391044 0.702744603 -0.709758818 0.031533182
1756483303050827776.000000 1.925512433 0.601149559 0.014180176 -0.010019331 0.701945364 -0.712148488 0.004115129
1756483303284212224.000000 1.924980640 0.576939106 0.013708007 -0.008616474 0.703734517 -0.710403144 0.003296767
1756483303584277504.000000 1.924757242 0.548694491 0.013678912 -0.009506498 0.703979850 -0.710151315 0.002683172
1756483304851219712.000000 1.882274151 0.413904697 0.016786007 -0.083338983 -0.700470805 0.702995598 0.090512872
1756483305084602880.000000 1.869251370 0.390162736 0.016323915 0.110600263 0.695097983 -0.700587332 -0.117404222
1756483307985278720.000000 1.667093635 0.150897771 0.009934934 -0.304902822 -0.637947202 0.636390448 0.308325976
1756483310786066432.000000 1.419062734 0.019920876 0.004716220 0.375849634 0.594696760 -0.599381328 -0.381857038
1756483313353283328.000000 1.162788868 -0.053562708 0.004630408 -0.443564445 -0.550107121 0.548400879 0.447089702
1756483315887244032.000000 0.921526253 -0.111302555 0.000998788 0.437362701 0.546697974 -0.553427815 -0.451168299
1756483318854620416.000000 0.620268285 -0.157108068 0.004990120 -0.485052705 -0.509110749 0.510908067 0.494472623
1756483320054891520.000000 0.499354035 -0.164119273 0.003656877 0.484181464 0.507201493 -0.510959923 -0.497227222
1756483320955107584.000000 0.410794377 -0.171034664 0.003385879 0.482833058 0.502742350 -0.511400819 -0.502584994
1756483321321857536.000000 0.373287439 -0.173883900 0.002273467 0.483787268 0.503162682 -0.510145187 -0.502522647
1756483321788625408.000000 0.325853348 -0.176446632 0.002324822 -0.485781163 -0.502827346 0.507363260 0.503749907
1756483322088689920.000000 0.290121228 -0.164840713 0.002956231 -0.512750030 -0.477071792 0.479866385 0.528411090
1756483322455446272.000000 0.256734014 -0.161842465 0.004186529 -0.508948147 -0.478438854 0.484661698 0.526470542
1756483322822204416.000000 0.219396546 -0.158666506 0.005003659 -0.508840024 -0.480446696 0.484325975 0.525053501
1756483323222297088.000000 0.179434702 -0.152507275 0.006374025 -0.509569347 -0.483765513 0.483867973 0.521710515
1756483323489015552.000000 0.153104171 -0.148828015 0.006933052 -0.509234011 -0.484908551 0.485249847 0.519689441
1756483323955771648.000000 0.110179640 -0.140754119 0.007855569 -0.506978095 -0.486719370 0.487007350 0.518557072
1756483324189154304.000000 0.086273201 -0.142081648 0.005241356 -0.507744133 -0.484435767 0.486177772 0.520719886
1756483324455885056.000000 0.059959169 -0.140898958 0.004276101 -0.507045507 -0.485179245 0.486078680 0.520800769
1756483324689274624.000000 0.037715912 -0.140089869 0.004531920 -0.507102907 -0.485640705 0.486193985 0.520206928
1756483324956006656.000000 0.013166426 -0.138567537 0.004610560 -0.506757736 -0.485078871 0.485926092 0.521316648
1756483325189398528.000000 -0.009009890 -0.136726558 0.004870428 -0.506444931 -0.485213518 0.485613197 0.521786630
1756483325422795008.000000 -0.031943806 -0.135995656 0.006055521 -0.508271933 -0.485119164 0.484330326 0.521289885
1756483325922932736.000000 -0.040316097 -0.136387601 0.007313460 -0.510311902 -0.485776484 0.482328266 0.520540476
1756483326156432384.000000 -0.046474360 -0.135991290 0.009359838 -0.510430574 -0.488517731 0.481199950 0.518900514
1756483326657802496.000000 -0.047854356 -0.136124626 0.008900561 -0.510460019 -0.486235797 0.482049644 0.520224571
1756483327092415744.000000 -0.050750747 -0.133942038 0.008296086 -0.526120543 -0.469273746 0.465041190 0.535458684
1756483327359155200.000000 -0.054350205 -0.125097543 0.008741044 -0.546028197 -0.444894105 0.440781444 0.556447864
1756483327559155968.000000 -0.055496767 -0.118755184 0.008356742 -0.559783220 -0.425632954 0.422924459 0.571501672
1756483327725821440.000000 -0.056325745 -0.113086641 0.007704202 -0.570708632 -0.409809887 0.407192826 0.583559453
1756483327925817344.000000 -0.056839280 -0.106227323 0.007436854 -0.584300160 -0.390053689 0.387314320 0.597025156
1756483328125811968.000000 -0.058608219 -0.099441320 0.007116647 -0.596027076 -0.369478226 0.368247449 0.610435426
1756483328292483584.000000 -0.057892069 -0.094532892 0.007916817 -0.605158389 -0.353158265 0.351478100 0.620907247
1756483330759145472.000000 -0.019725939 -0.026658962 0.004684496 -0.694315016 -0.082046308 0.077086821 0.710811317
1756483331325807616.000000 -0.004609447 -0.015858131 0.005263603 -0.698948264 -0.015997451 0.010805499 0.714911699
1756483331859137280.000000 0.000246400 -0.014280172 0.004875710 -0.698776364 0.001084372 -0.006506762 0.715309799
1756483332425797888.000000 0.002132651 -0.013555365 0.005254462 -0.698589683 0.009958704 -0.015616881 0.715282798
1756483332992451840.000000 0.002455937 -0.013410028 0.005171744 -0.698638201 0.009883582 -0.015571000 0.715237379
1756483333525797888.000000 0.002151267 -0.013657991 0.005527509 -0.698705792 0.009939641 -0.015701331 0.715167820
1756483334059140608.000000 0.002348201 -0.013692771 0.005451547 -0.698671639 0.009946339 -0.015559756 0.715204120
1756483334592482816.000000 0.002451615 -0.013547482 0.005248293 -0.698623657 0.009954424 -0.015584863 0.715250373
1756483335125811712.000000 0.002472416 -0.013647258 0.005019868 -0.698578119 0.009930226 -0.015539760 0.715296209
1756483335659147776.000000 0.002259524 -0.013545599 0.005221240 -0.698653638 0.010002054 -0.015617693 0.715219676
1756483336159202304.000000 0.002311558 -0.013438134 0.005238669 -0.698654890 0.010006881 -0.015513727 0.715220690
1756483336693851392.000000 0.002340308 -0.013503324 0.005173557 -0.698608220 0.009947696 -0.015616129 0.715264857
1756483337195004160.000000 0.002350110 -0.013399549 0.005168377 -0.698651969 0.009948108 -0.015600127 0.715222418
1756483337728176640.000000 0.002372956 -0.013654441 0.005004239 -0.698578537 0.009967979 -0.015561038 0.715294778
1756483338261334016.000000 0.002432017 -0.013395196 0.005089245 -0.698630035 0.009916252 -0.015580732 0.715244770
1756483338827849728.000000 0.002479735 -0.013256131 0.004992693 -0.698617876 0.009920560 -0.015567476 0.715256810
1756483339361025280.000000 0.002143164 -0.013554072 0.005140066 -0.698657274 0.009986341 -0.015671879 0.715215147
1756483339894194176.000000 0.002180786 -0.013596069 0.005166134 -0.698654711 0.010030762 -0.015644440 0.715217650
1756483340460689920.000000 0.002344222 -0.013525462 0.005242738 -0.698703885 0.009936713 -0.015615829 0.715171576
1756483340993855232.000000 0.002361088 -0.013388477 0.005132805 -0.698646367 0.009958355 -0.015561783 0.715228558
1756483341527028224.000000 0.002232831 -0.013649138 0.005233410 -0.698689163 0.009949015 -0.015653962 0.715184987
1756483342060178176.000000 0.002407462 -0.013472622 0.005083411 -0.698644221 0.009938509 -0.015599027 0.715230167
1756483342560648448.000000 0.002225297 -0.013535229 0.005108354 -0.698654413 0.009945307 -0.015696077 0.715218067
1756483343061310976.000000 0.002388761 -0.013369913 0.005274063 -0.698733926 0.009921589 -0.015654888 0.715141535
1756483343561413888.000000 0.002359235 -0.013505969 0.005151794 -0.698673248 0.009996114 -0.015607048 0.715200841
1756483344094742272.000000 0.002300967 -0.013433170 0.005274480 -0.698727071 0.009954661 -0.015680440 0.715147257
1756483344594753024.000000 0.002624339 -0.013607643 0.005072681 -0.698630989 0.010008694 -0.015433232 0.715245724
1756483345161417728.000000 0.002315487 -0.013586098 0.005195966 -0.698705792 0.009971333 -0.015592695 0.715169787
1756483345728080640.000000 0.002200680 -0.013623623 0.005261733 -0.698737800 0.010034760 -0.015648382 0.715136290
1756483346261401344.000000 0.002276666 -0.013535555 0.005215107 -0.698685169 0.010033606 -0.015593669 0.715189040
1756483346794730752.000000 0.002386204 -0.013317969 0.005174737 -0.698688209 0.010032427 -0.015558453 0.715186775
1756483347328051968.000000 0.002430001 -0.013557900 0.004944116 -0.698629558 0.010033242 -0.015555927 0.715244114
1756483347861372416.000000 0.002337543 -0.013387122 0.004988323 -0.698646247 0.010055226 -0.015585200 0.715226829
1756483348394692096.000000 0.004897174 0.014135793 0.005566211 -0.697532594 0.014364180 -0.019403897 0.716146290
1756483348961340672.000000 0.006949553 0.067800499 0.006729987 -0.694949090 0.013646506 -0.019006308 0.718678236
1756483349494662400.000000 0.010739271 0.122396708 0.007194376 -0.697992802 0.015251298 -0.018790998 0.715695798
1756483350027977472.000000 0.013352986 0.173983961 0.007931725 -0.697519064 0.015965464 -0.019325923 0.716127634
1756483350561300736.000000 0.035818208 0.230730176 0.008909634 -0.694317758 0.076261327 -0.078314587 0.711318433
1756483351094612992.000000 0.050443258 0.282009691 0.009522457 -0.692125082 0.092778608 -0.095574789 0.709380448
1756483351594693120.000000 0.080594100 0.330411285 0.010100364 -0.685658932 0.136955395 -0.139888138 0.701103747
1756483352128120576.000000 0.102278627 0.378723472 0.010634334 -0.683569133 0.145383984 -0.148207098 0.699736714
1756483352628775936.000000 0.140905291 0.421973854 0.011646789 -0.672248304 0.197685868 -0.199816972 0.684891105
1756483353129579776.000000 0.166731611 0.464449435 0.011762377 -0.671932697 0.196289048 -0.199308127 0.685750186
1756483353663065600.000000 0.205846876 0.506207943 0.012084137 -0.661294043 0.230860487 -0.234746501 0.674008727
1756483354163158016.000000 0.236741409 0.545215786 0.011735582 -0.661876380 0.231562898 -0.235120043 0.673065245
1756483354663276800.000000 0.266172439 0.582342386 0.013020561 -0.661670506 0.231439695 -0.235413522 0.673207462
1756483355163394816.000000 0.297014773 0.621440351 0.013104162 -0.661280632 0.233302712 -0.236798331 0.672461390
1756483355663511552.000000 0.338003159 0.655348480 0.013121989 -0.648074687 0.266657591 -0.270867914 0.659942150
1756483356196968704.000000 0.374287367 0.692372501 0.013684823 -0.649006307 0.266499937 -0.268766999 0.659949183
1756483356697089024.000000 0.409239084 0.727874458 0.012549611 -0.651231945 0.266339123 -0.267866403 0.658185422
1756483357230548480.000000 0.444077164 0.764896512 0.013645895 -0.651607871 0.265013456 -0.266845554 0.658762932
1756483357763986176.000000 0.479004264 0.799865246 0.013892393 -0.650406241 0.263793856 -0.266254932 0.660676062
1756483358264082688.000000 0.511736751 0.834454298 0.014437760 -0.650686979 0.263176948 -0.264847130 0.661211371
1756483358764184832.000000 0.546003580 0.870325744 0.013818784 -0.651920855 0.263134331 -0.265495032 0.659751475
1756483359264287488.000000 0.578370810 0.904828727 0.014244837 -0.652356267 0.261781633 -0.264181972 0.660385966
1756483359764394496.000000 0.610770822 0.940508068 0.013934080 -0.652069032 0.259827077 -0.264092416 0.661476552
1756483360297847040.000000 0.633956611 0.982670248 0.014128065 -0.662839592 0.228571981 -0.233353347 0.673754275
1756483360797971712.000000 0.651563108 1.024018049 0.014072396 -0.675753832 0.189896524 -0.194637179 0.685136855
1756483361331779072.000000 0.674464047 1.068593860 0.013994838 -0.678075612 0.183168143 -0.188233480 0.686462700
1756483361866585088.000000 0.693831623 1.112682581 0.014235050 -0.681978047 0.159841925 -0.163963199 0.694602549
1756483362367536128.000000 0.714356661 1.155229688 0.015147264 -0.680342138 0.159224927 -0.164482564 0.696223795
1756483362400869120.000000 0.715030849 1.157718420 0.015091805 -0.680851340 0.156870037 -0.162482768 0.696729958
1756483362934189824.000000 0.734403491 1.207493067 0.014512586 -0.685239851 0.147818103 -0.152595162 0.696642578
1756483363467514880.000000 0.740988612 1.252804875 0.015656456 -0.689852595 0.110607646 -0.115967929 0.705989301
1756483364034175232.000000 0.756159902 1.306197643 0.014991828 -0.692683578 0.101235799 -0.105547354 0.706258118
1756483364567502080.000000 0.759712577 1.355205297 0.015748344 -0.694536567 0.074277818 -0.079602361 0.711171806
1756483365134148864.000000 0.766993761 1.408991337 0.016489707 -0.695886254 0.062154293 -0.066683054 0.712343037
1756483365667480576.000000 0.765100420 1.457573175 0.016797390 -0.697266102 0.024409639 -0.029665582 0.715782225
1756483366234132736.000000 0.767222822 1.515591264 0.016451357 -0.700140178 0.016399439 -0.020455508 0.713523924
1756483368867542784.000000 0.634717464 1.702546358 0.016524840 -0.650269926 -0.255169213 0.251866341 0.669776857
1756483370534176256.000000 0.499995351 1.763902545 0.014949888 -0.602371037 -0.357728422 0.353959292 0.619590461
1756483371067509504.000000 0.455317706 1.788092136 0.014234307 -0.596375346 -0.364664972 0.361865371 0.616773486
1756483372100841984.000000 0.359635353 1.819253325 0.015066412 -0.586515188 -0.383452147 0.379617959 0.604032040
1756483372634183424.000000 0.316961974 1.862039089 0.017401762 -0.618200719 -0.327823400 0.323634028 0.636883676
1756483373100848128.000000 0.306917250 1.884916544 0.017953958 -0.638832927 -0.279792577 0.277660668 0.660691500
1756483375934100992.000000 0.334470659 2.079378128 0.021507602 -0.700914145 -0.005709270 0.001027626 0.713222146
1756483376500738048.000000 0.336434275 2.135707378 0.022102335 -0.701246917 0.005218888 -0.009858469 0.712831259
1756483377067386880.000000 0.337631524 2.192587376 0.021513391 -0.702731907 0.005008304 -0.010151238 0.711364806
1756483377601284864.000000 0.349938184 2.246867895 0.022930123 -0.700192213 0.044992182 -0.050631698 0.710734189
1756483378102088192.000000 0.354573995 2.294066668 0.023982299 -0.701533794 0.038797759 -0.044742394 0.710171342
1756483378602343936.000000 0.352633357 2.339956045 0.023043791 -0.701356351 0.017007915 -0.021130454 0.712294638
1756483379135803392.000000 0.355573118 2.389866829 0.022766452 -0.700165868 0.017338250 -0.021846926 0.713435292
1756483379635924736.000000 0.357918501 2.437947512 0.022489402 -0.699776828 0.017312031 -0.020626191 0.713853896
1756483380169388288.000000 0.360107273 2.490071058 0.023742992 -0.700923860 0.014431082 -0.016308887 0.712903678
1756483380669483776.000000 0.357751727 2.537072659 0.022625484 -0.700525582 0.003416799 -0.006225068 0.713591993
1756483381169576448.000000 0.357653707 2.585795879 0.023871455 -0.701582551 0.004506449 -0.007414550 0.712535441
1756483381703036928.000000 0.360004127 2.636504889 0.023348015 -0.701503277 0.005144351 -0.007252359 0.712610841
1756483382203158016.000000 0.360170960 2.685929060 0.023768522 -0.702338099 0.005906233 -0.007062894 0.711784065
1756483382703271680.000000 0.361807883 2.734869957 0.023167305 -0.702997208 0.006280477 -0.005500469 0.711143613
1756483383236726528.000000 0.362510562 2.785618067 0.024273060 -0.701703250 0.007217799 -0.008325601 0.712384164
1756483383736843264.000000 0.363818169 2.834394693 0.025369093 -0.702981710 0.007358483 -0.007459772 0.711130857
1756483384203618816.000000 0.365245968 2.880537271 0.026984546 -0.703149438 0.007811465 -0.007701214 0.710957527
1756483384670409216.000000 0.365333289 2.925188303 0.027328275 -0.702531695 0.006933582 -0.008623479 0.711566448
1756483385137201664.000000 0.365471959 2.971168756 0.027261864 -0.702472210 0.006495906 -0.009381857 0.711619675
1756483385670664960.000000 0.365949959 3.023659468 0.027241066 -0.702443302 0.006688467 -0.008654580 0.711655676
1756483386170784512.000000 0.365564644 3.070914030 0.029415708 -0.700971127 0.004871003 -0.007349241 0.713135242
1756483386638622464.000000 0.366450131 3.116867304 0.028931292 -0.702361941 0.005618138 -0.006701704 0.711766303
1756483387073204736.000000 0.367458016 3.158849955 0.030159041 -0.701530039 0.005753287 -0.007061582 0.712581754
1756483387506938112.000000 0.368091255 3.201346874 0.029683329 -0.701708376 0.005707935 -0.006206348 0.712414443
1756483387873591552.000000 0.368869752 3.236940145 0.030157527 -0.701618910 0.005975053 -0.005078185 0.712509274
1756483388273572608.000000 0.377236336 3.246286869 0.030056201 -0.700426996 0.041131139 -0.041347533 0.711337328
1756483388773573888.000000 0.393203825 3.250847816 0.029867094 -0.695849597 0.099661067 -0.100465536 0.704107702
1756483389173564416.000000 0.410205513 3.260394573 0.031615436 -0.677064359 0.147316903 -0.151120618 0.705013573
1756483389606896384.000000 0.446673006 3.302546501 0.030242534 -0.673516512 0.199619636 -0.201421127 0.682610452
1756483390006887424.000000 0.483372748 3.332548141 0.030391838 -0.658788443 0.246621728 -0.246706039 0.666567028
1756483390406882048.000000 0.521699071 3.356256008 0.031380013 -0.640688956 0.291046560 -0.289481759 0.648852766
1756483390873544192.000000 0.569860518 3.376757860 0.030699456 -0.615372598 0.339626551 -0.339669913 0.624975801
1756483391306865408.000000 0.617105782 3.388896465 0.032171488 -0.590214729 0.384531081 -0.383481383 0.597264171
1756483391706855168.000000 0.631322443 3.383231163 0.033126280 -0.565199196 0.419780552 -0.419268310 0.573191226
1756483392140164864.000000 0.642185509 3.373944283 0.033014134 -0.535667539 0.461288095 -0.457590550 0.539337039
1756483392573485568.000000 0.649968624 3.363665819 0.032833494 -0.500998795 0.499204874 -0.495250970 0.504501045
1756483393006799104.000000 0.655445874 3.351877689 0.033258628 0.465144724 -0.533898115 0.529757738 -0.466851145
1756483393406785024.000000 0.659501076 3.340083838 0.035621539 0.429467916 -0.564879060 0.559787214 -0.427910507
1756483393873441536.000000 0.662392497 3.327667713 0.033976559 0.384974539 -0.595951676 0.591885567 -0.382502049
1756483394306759680.000000 0.661857843 3.317167759 0.032522067 0.342792928 -0.621074438 0.617531538 -0.339726985
1756483394740090112.000000 0.656908751 3.305070639 0.029865231 0.296093822 -0.644006193 0.641772747 -0.292766511
1756483395173409536.000000 0.655943453 3.297763824 0.030872237 0.249260813 -0.664275348 0.661079109 -0.244093895
1756483395573411072.000000 0.645745039 3.289057255 0.031666171 0.205160707 -0.678918362 0.676237464 -0.199203283
1756483395940073216.000000 0.638702989 3.295363903 0.030645976 0.162076622 -0.689629495 0.688212335 -0.156544462
1756483396173400320.000000 0.634851038 3.292704582 0.030633045 0.135770112 -0.695789516 0.693633080 -0.127736494
1756483396640045824.000000 0.623051763 3.291409492 0.033402387 0.081968755 -0.703629613 0.701907575 -0.074244760
1756483396940023808.000000 0.615063787 3.288051605 0.034467187 0.047753986 -0.706869364 0.704636633 -0.039274659
1756483397206665472.000000 0.605825543 3.279927492 0.037060477 -0.014514108 0.702203929 -0.711790621 0.007285909
1756483397339999488.000000 0.607217371 3.260366678 0.034632165 0.016783729 -0.709410965 0.704560280 -0.007015991
1756483397473333248.000000 0.606258035 3.249459982 0.035348941 0.014529235 -0.706434131 0.707605422 -0.005865452
1756483398006655488.000000 0.607678711 3.198754072 0.034803852 0.016677732 -0.705104053 0.708869457 -0.007360863
1756483398539970048.000000 0.607302308 3.146783829 0.034027874 0.017706929 -0.704984605 0.708953202 -0.008280419
1756483399039940352.000000 0.608822346 3.098706961 0.033722930 0.016972108 -0.705723643 0.708241403 -0.007760473
1756483399539932416.000000 0.608431339 3.051538229 0.033614546 -0.015642406 0.704470694 -0.709521234 0.007491333
1756483400073263616.000000 0.608426511 2.998373032 0.032356851 0.015668210 -0.705091715 0.708909929 -0.006851480
1756483400573264128.000000 0.607667923 2.952399731 0.032053024 -0.016048983 0.703697026 -0.710275412 0.007859739
1756483401106589440.000000 0.608704805 2.897786617 0.031138904 0.016796101 -0.706424654 0.707542419 -0.008122269
1756483401606591488.000000 0.608902812 2.850227118 0.031858321 0.015568456 -0.706057131 0.707935393 -0.008274638
1756483402039921152.000000 0.608199239 2.806447983 0.031306662 0.015346296 -0.706819534 0.707177937 -0.008376165
1756483402540361984.000000 0.608241677 2.758460760 0.031141212 0.015479147 -0.705801129 0.708186924 -0.008739795
1756483403041145344.000000 0.608628809 2.711276054 0.031541280 -0.016375707 0.704551935 -0.709410131 0.008698633
1756483403574864128.000000 0.609497249 2.657778978 0.030509902 0.016218619 -0.705281019 0.708696783 -0.008033281
1756483404108317696.000000 0.610214889 2.605249166 0.030635633 -0.016323259 0.704461396 -0.709506869 0.008231596
1756483404608443904.000000 0.610481501 2.554674864 0.030292269 0.015417306 -0.705419481 0.708588183 -0.006964139
1756483405041891584.000000 0.610851228 2.510644674 0.029298253 0.015744599 -0.706733108 0.707279921 -0.005964584
1756483405575359744.000000 0.610027790 2.459542751 0.028912332 -0.014330716 0.704381049 -0.709655702 0.005555924
1756483406075485440.000000 0.609951735 2.409700394 0.028675735 0.014392229 -0.705116212 0.708926916 -0.005167348
1756483406575602688.000000 0.610258758 2.359082699 0.027813515 0.012331462 -0.705436826 0.708660483 -0.002667163
1756483407042375680.000000 0.609964013 2.316579342 0.027950337 -0.014016621 0.704645097 -0.709408283 0.004325758
1756483409676360448.000000 0.597109795 2.057672501 0.028819656 0.000862075 0.703779757 -0.710304379 -0.012689506
1756483410576600320.000000 0.591779828 1.966412067 0.028815843 -0.003149641 -0.706385732 0.707708657 0.012565910
1756483412810469632.000000 0.595335722 1.794206500 0.025368297 0.047065057 -0.705494106 0.706039190 -0.039644085
1756483413243910400.000000 0.604973614 1.802984476 0.025656236 0.097190849 -0.700427413 0.701173663 -0.091164708
1756483413644008192.000000 0.612010956 1.810303092 0.025439151 0.143828526 -0.692853391 0.692992568 -0.137945384
1756483414044105728.000000 0.617459595 1.821485639 0.026988214 0.189258963 -0.681543171 0.682600975 -0.183673367
1756483414410861824.000000 0.624035776 1.823700309 0.022619231 0.228961080 -0.668851554 0.670558631 -0.224867880
1756483414844297984.000000 0.632068515 1.834225059 0.023921523 0.276017338 -0.649994254 0.652547061 -0.274780452
1756483415344415488.000000 0.640618861 1.849693179 0.026640406 0.327960223 -0.625735044 0.627517343 -0.327291489
1756483415777852672.000000 0.645432949 1.859918118 0.031103935 0.373253107 -0.601179659 0.600802541 -0.371888995
1756483416211291136.000000 0.679000974 1.857499242 0.033653833 0.418455988 -0.571966231 0.568333387 -0.418026716
1756483416744757760.000000 0.682023108 1.867345691 0.030649146 0.461580276 -0.533844531 0.534246325 -0.465332717
1756483417278224384.000000 0.680091918 1.879202962 0.027832625 -0.507271051 0.488767385 -0.491002411 0.512541950
1756483417744999168.000000 0.673824728 1.885530114 0.023121145 -0.543442667 0.446523756 -0.449670494 0.550529838
1756483418278456576.000000 0.664533556 1.888830781 0.018856252 -0.581716061 0.394580185 -0.396805197 0.590303898
1756483418778574336.000000 0.650933325 1.893952489 0.021207152 -0.612668693 0.343166322 -0.346483648 0.621951103
1756483419278689536.000000 0.635739744 1.902178288 0.023260813 -0.639466047 0.292414308 -0.293963164 0.647427797
1756483419778788864.000000 0.619213700 1.909169197 0.023947909 -0.661280692 0.235704228 -0.238874555 0.670887828
1756483420312230912.000000 0.622228801 1.944884062 0.024361776 -0.675805926 0.175948769 -0.181245565 0.692443788
1756483420845690880.000000 0.642710686 1.995048165 0.023686128 -0.685723782 0.156800508 -0.158398911 0.692897081
1756483421345812480.000000 0.643255353 2.039460659 0.023561317 -0.695962012 0.099384710 -0.100895360 0.703974307
1756483421879284736.000000 0.642480433 2.090964794 0.021813985 -0.702609479 0.054886680 -0.053270243 0.707452953
1756483422379410176.000000 0.644886374 2.137017250 0.021109365 -0.702142656 0.045100424 -0.043375056 0.709281504
1756483422879522560.000000 0.644182742 2.182120800 0.021416686 -0.702372313 0.018089272 -0.016599635 0.711386323
1756483423412978688.000000 0.644777358 2.233430386 0.021186033 -0.703326046 0.011847245 -0.010759898 0.710687280
1756483423913105152.000000 0.645996034 2.280539274 0.021525711 -0.702310801 0.013097759 -0.012441198 0.711641252
1756483424446568192.000000 0.647913098 2.331567526 0.020988971 -0.701475501 0.014720490 -0.012852261 0.712425649
1756483424946682624.000000 0.645784616 2.375921488 0.022104716 -0.700355887 0.002502582 -0.001198848 0.713788509
1756483425480147968.000000 0.647211969 2.427101612 0.022154994 -0.700700760 0.004203461 -0.003339536 0.713435173
1756483426013627648.000000 0.649239182 2.478932858 0.022162985 -0.700632513 0.006137113 -0.004831378 0.713479638
1756483427547350528.000000 0.647157609 2.627709389 0.022053603 -0.701725304 0.007275026 -0.008515617 0.712359607
1756483428080813056.000000 0.649474084 2.680476427 0.021728434 -0.702875853 0.007995749 -0.009483009 0.711204410
1756483428614273280.000000 0.650257468 2.731918812 0.021503851 -0.702243686 0.008466967 -0.011942313 0.711786211
1756483429114390272.000000 0.651426733 2.779762030 0.022377040 -0.700752854 0.007901614 -0.011902926 0.713261127
1756483429614514944.000000 0.652567923 2.828767061 0.022707041 -0.701446950 0.008138086 -0.011676498 0.712579608
1756483430114641920.000000 0.653950930 2.876502275 0.022750670 -0.700511336 0.008342132 -0.011788710 0.713495135
1756483430181325568.000000 0.653848410 2.882693768 0.023069751 -0.699966073 0.008538982 -0.012162070 0.714021564
1756483430715944704.000000 0.655528903 2.937025309 0.024537204 -0.702605426 0.010717769 -0.012558182 0.711388111
1756483431250832384.000000 0.657491148 2.987093210 0.025841989 -0.700969338 0.010291234 -0.012644205 0.713005126
1756483431784148736.000000 0.659479856 3.040807962 0.025451448 -0.702907801 0.009955656 -0.011921035 0.711111367
1756483432317454336.000000 0.661164641 3.090039968 0.025298469 -0.700929344 0.009254015 -0.011264068 0.713081777
1756483432850789888.000000 0.663037658 3.143570662 0.024436180 -0.702193499 0.008799355 -0.011987037 0.711830914
1756483433417449728.000000 0.664897442 3.198759317 0.026108991 -0.702415228 0.009122807 -0.013266131 0.711585343
1756483433950778112.000000 0.667176008 3.248634815 0.027578095 -0.701204658 0.008169125 -0.012324032 0.712806821
1756483434517436416.000000 0.669319689 3.303142309 0.029072884 -0.700725615 0.008614411 -0.012325194 0.713272452
1756483435084094720.000000 0.674994707 3.334134340 0.029839527 -0.697423041 0.036950432 -0.040726323 0.714546859
1756483435617420288.000000 0.689969361 3.340669632 0.030324804 -0.693697810 0.099515431 -0.104404047 0.705676913
1756483436184066304.000000 0.706769228 3.342829227 0.029280061 -0.680737138 0.166639909 -0.171576574 0.692379713
1756483436750724864.000000 0.727220178 3.341122866 0.029651523 -0.662867606 0.230909333 -0.234562293 0.672508836
1756483437284039168.000000 0.743663907 3.337038517 0.029673606 -0.641216576 0.289700419 -0.291848958 0.647872806
1756483437817369856.000000 0.759081841 3.329193830 0.028766384 -0.613635838 0.345700890 -0.347118050 0.619234204
1756483438384036608.000000 0.774974048 3.320119619 0.030348875 -0.579102099 0.403452963 -0.403917551 0.581994057
1756483438884058112.000000 0.784435034 3.307446480 0.031158606 -0.543875277 0.450201064 -0.449388593 0.547328711
1756483439384066048.000000 0.795463681 3.293754578 0.032286569 -0.496604979 0.490892828 -0.501377702 0.510909140
1756483439917394432.000000 0.852555990 3.296846867 0.031094883 -0.503935695 0.495418698 -0.495846450 0.504723251
1756483440484050432.000000 0.877951980 3.287822723 0.030422589 0.477870077 -0.520904899 0.521377504 -0.477978915
1756483441050711808.000000 0.884868264 3.271459579 0.029024653 0.426303893 -0.564675272 0.564705253 -0.424870431
1756483441584027904.000000 0.883711994 3.256237745 0.030056771 0.373952806 -0.599494219 0.601982474 -0.371998757
1756483442117331712.000000 0.882739127 3.241018295 0.031123349 0.320580423 -0.630363822 0.632291555 -0.316349506
1756483442717323520.000000 0.876453578 3.225399971 0.030321445 0.255518883 -0.658536375 0.661938727 -0.250753194
1756483443217315328.000000 0.869079113 3.215954304 0.032929718 0.199753150 -0.678315759 0.680240214 -0.193027616
1756483443717324544.000000 0.857749343 3.217807531 0.030685117 0.141153812 -0.691584826 0.695323229 -0.135320872
1756483444250656256.000000 0.844220281 3.217720747 0.031672467 0.078990132 -0.701193988 0.704832852 -0.072789989
1756483444783979520.000000 0.834274173 3.177491426 0.033105146 -0.012884909 0.704705656 -0.709365785 0.004913417
1756483445350618880.000000 0.836470306 3.122224331 0.032916777 -0.018231798 0.704626143 -0.709265232 0.010608478
1756483445883937280.000000 0.837405801 3.070385933 0.032863360 0.018329268 -0.705126822 0.708771169 -0.010181385
1756483446417422848.000000 0.838141799 3.018127203 0.031815074 0.018075775 -0.705159605 0.708738148 -0.010651759
1756483446951536640.000000 0.839956641 2.966774702 0.030692454 0.016797503 -0.704928160 0.709040999 -0.007416837
1756483447452470272.000000 0.840145350 2.918092251 0.030464165 -0.016154604 0.704289198 -0.709697604 0.006716779
1756483447987264512.000000 0.840105355 2.865150452 0.030163856 0.015354112 -0.704853833 0.709163368 -0.005716257
1756483448521538304.000000 0.841369629 2.813743591 0.029666452 0.014860949 -0.705346525 0.708689034 -0.005041498
1756483449088189696.000000 0.840600431 2.759085655 0.030370656 0.012992740 -0.704821289 0.709252656 -0.004347892
1756483451354868480.000000 0.827142954 2.532486677 0.029629560 -0.002333888 -0.706494451 0.707632363 0.010798870
1756483452890513408.000000 0.824737728 2.380175591 0.027983040 0.007475536 -0.706544220 0.707626581 0.002015140
1756483453457003008.000000 0.823718131 2.325940371 0.028013593 0.006091584 -0.704999447 0.709174812 0.003137611
1756483453990196992.000000 0.822327673 2.271810770 0.027843522 -0.005837665 0.704397202 -0.709769726 -0.004185355
1756483454523385856.000000 0.820858240 2.218294382 0.027804237 -0.005915161 0.704733253 -0.709443510 -0.002472201
1756483455089916928.000000 0.819571555 2.161420107 0.027829811 -0.005859323 0.704393268 -0.709780872 -0.002636820
1756483455656445952.000000 0.818027377 2.103238821 0.026859252 0.004882618 -0.704966843 0.709220052 0.002195387
1756483456189635328.000000 0.816708207 2.049398422 0.026534360 -0.003375851 0.704824150 -0.709361494 -0.004229637
1756483457289358336.000000 0.814622402 1.942734838 0.027892282 -0.004991529 0.703828394 -0.710341811 -0.003897951
1756483457822567936.000000 0.814150751 1.886204720 0.027132440 0.004957837 -0.705557287 0.708612025 0.005778751
1756483460521883136.000000 0.805142701 1.618321896 0.027046336 -0.000264384 -0.706523478 0.707645535 0.007897339
1756483462154746880.000000 0.817164958 1.529765725 0.025362870 0.066095732 -0.703494906 0.704949558 -0.061420832
1756483462687933696.000000 0.831377864 1.539133549 0.023904769 0.128768668 -0.694606066 0.696676254 -0.124833487
1756483463254436096.000000 0.843938172 1.549450994 0.020825630 0.192366228 -0.679168105 0.682469487 -0.189634666
1756483463754924544.000000 0.868119657 1.541037202 0.019869614 0.251862437 -0.660722911 0.662178934 -0.248051569
1756483464288989184.000000 0.880781472 1.540811181 0.020206122 0.302397549 -0.637768984 0.641070962 -0.301387817
1756483464789020160.000000 0.882153749 1.553776979 0.020754866 -0.352736503 0.608759582 -0.615696430 0.354833394
1756483465355645696.000000 0.919887066 1.550297379 0.026419083 0.411550611 -0.574896812 0.576097250 -0.410160720
1756483465888961280.000000 0.913899660 1.564393044 0.026162995 0.458356708 -0.535861075 0.538516819 -0.461260915
1756483466422266368.000000 0.912502944 1.574830770 0.024103815 -0.503612816 0.491818756 -0.495253950 0.509128809
1756483466988922368.000000 0.908104897 1.587303281 0.024954973 -0.548058808 0.441301286 -0.444679201 0.554206908
1756483467489126400.000000 0.899971902 1.595328212 0.024425672 -0.583585382 0.392968327 -0.395170182 0.590630651
1756483467989868800.000000 0.888848305 1.602782369 0.023483036 -0.613154769 0.341481000 -0.345445991 0.622975945
1756483468490463744.000000 0.901703835 1.632302284 0.022795998 -0.639718831 0.282555133 -0.288275689 0.654079139
1756483469023904512.000000 0.922435522 1.677574873 0.020329906 -0.663588226 0.224281296 -0.229779243 0.675684988
1756483469524005120.000000 0.933210731 1.718847871 0.021829370 -0.680142045 0.166016087 -0.171803907 0.693057716
1756483470057446400.000000 0.937666357 1.769040585 0.020657539 -0.694384515 0.103251636 -0.107592143 0.703983843
1756483470590894848.000000 0.932261884 1.816872478 0.020064874 -0.700218141 0.037902940 -0.043424342 0.711598396
1756483471091010048.000000 0.935938597 1.866247416 0.020175485 -0.701883972 0.031861126 -0.035829663 0.710675836
1756483471591120128.000000 0.940547347 1.915349722 0.019843426 -0.703140438 0.031891763 -0.036213044 0.709411860
1756483472091225856.000000 0.937383354 1.960686445 0.019053265 -0.702461481 0.005530831 -0.009855592 0.711632073
1756483472591338496.000000 0.938781083 2.007277489 0.019728422 -0.701746345 0.006899626 -0.012405554 0.712285459
1756483473091458048.000000 0.941390872 2.057686090 0.018858578 -0.703508675 0.006308776 -0.010501778 0.710581064
1756483473591576064.000000 0.942612708 2.103562832 0.020302551 -0.701426685 0.006921379 -0.011024992 0.712622821
1756483474125036544.000000 0.945027888 2.154846191 0.020134553 -0.701333344 0.006364733 -0.009920776 0.712736011
1756483474658498048.000000 0.945463598 2.205182791 0.020679723 -0.700672030 0.005957888 -0.009130531 0.713400185
1756483475158619904.000000 0.946961761 2.253845692 0.021037120 -0.702622116 0.005934214 -0.009390987 0.711476505
1756483475692078336.000000 0.947530746 2.306263208 0.020780187 -0.703046858 0.004635215 -0.008873574 0.711073101
1756483476225533440.000000 0.948731303 2.355473995 0.021185363 -0.702244997 0.002317238 -0.007757860 0.711889327
1756483478826224128.000000 0.931822538 2.600463390 0.021452505 -0.701310217 -0.025781268 0.021503828 0.712065339
1756483481460530688.000000 0.916041553 2.857150316 0.022884546 -0.703972578 -0.026078157 0.022783097 0.709382474
1756483483529692160.000000 0.902666092 3.055341482 0.025291812 -0.701880813 -0.023885584 0.020840622 0.711588740
1756483486262984192.000000 0.886197507 3.319979191 0.028865125 -0.699242651 -0.023513015 0.020785820 0.714195192
1756483487363067136.000000 0.908149779 3.357198477 0.029104529 -0.696631253 0.070439965 -0.072981432 0.710223138
1756483487929719040.000000 0.926229060 3.361279011 0.029297078 -0.687512696 0.135807127 -0.139783338 0.699530900
1756483488463026688.000000 0.943055511 3.362308502 0.030874647 -0.674844384 0.197926566 -0.199895978 0.682240307
1756483488696356352.000000 0.950139582 3.361076593 0.030431807 -0.666399956 0.224484026 -0.226335719 0.674010515
1756483489296331520.000000 0.968297482 3.355504751 0.028640473 -0.641042173 0.290022373 -0.291326225 0.648136616
1756483489829669888.000000 0.984697700 3.349103451 0.026984408 -0.613730848 0.345633000 -0.346964628 0.619264007
1756483490396330752.000000 0.999648333 3.339123487 0.027311023 -0.578636229 0.401875466 -0.403848499 0.583594620
1756483490929658624.000000 1.011735797 3.325690746 0.027712205 -0.542058587 0.451963335 -0.453328162 0.544421852
1756483491496311040.000000 1.022288322 3.311697245 0.026838982 0.497819126 -0.500450313 0.502652049 -0.499065757
1756483492029641472.000000 1.027498484 3.297915697 0.026995959 -0.449581563 0.539991677 -0.548047602 0.453794241
1756483492562965504.000000 1.078943133 3.284145594 0.028287478 0.446781367 -0.545823395 0.550395727 -0.446685284
1756483493096289280.000000 1.128732562 3.273464203 0.027502496 -0.447074234 0.544699132 -0.550321400 0.447854877
1756483493662945024.000000 1.170067668 3.262558460 0.026985044 0.438927025 -0.552194893 0.556499839 -0.439012259
1756483494196266752.000000 1.172675490 3.247757673 0.029335562 -0.387767136 0.589295268 -0.594397902 0.386081457
1756483494762919680.000000 1.171213388 3.231085300 0.027474444 -0.329261482 0.622361124 -0.629420459 0.328760415
1756483495296227328.000000 1.170743942 3.217499018 0.025600664 -0.272767842 0.648818552 -0.656219780 0.272043794
1756483495829563392.000000 1.162257791 3.203781366 0.027010886 -0.215188861 0.670507431 -0.677484214 0.212435156
1756483496362890496.000000 1.150056124 3.194341898 0.032263462 -0.156181023 0.687869906 -0.692655206 0.150570244
1756483496929568512.000000 1.134725213 3.192642450 0.028395036 0.090573356 -0.700362802 0.702961445 -0.084460869
1756483497463043840.000000 1.140547991 3.153915167 0.028504713 -0.078357100 0.700121582 -0.705935299 0.073111720
1756483497997146368.000000 1.142945051 3.103927135 0.029999612 -0.040312622 0.702844083 -0.709346831 0.034816824
1756483498497763328.000000 1.137200356 3.053617954 0.029498210 -0.008976846 0.703698277 -0.710436046 0.002975882
1756483498997889536.000000 1.137848377 3.005554199 0.029239943 -0.010621340 0.704671621 -0.709435523 0.005135136
1756483499531353600.000000 1.137733698 2.955321074 0.029748728 -0.011458958 0.704156518 -0.709914625 0.007314058
1756483500064809472.000000 1.139301658 2.903320074 0.029303752 -0.010562838 0.703374803 -0.710709214 0.006689241
1756483500598264576.000000 1.139426827 2.851957798 0.029526323 -0.010743598 0.704137266 -0.709939122 0.007854803
1756483500664946432.000000 1.139615655 2.845601320 0.029659143 -0.010841984 0.704158902 -0.709919035 0.007601440
1756483501165059072.000000 1.140450835 2.796977043 0.029582510 -0.010545547 0.704376340 -0.709706604 0.007711548
1756483501698508800.000000 1.141506314 2.744282484 0.030184282 -0.010607984 0.703831851 -0.710240960 0.008127618
1756483502198614016.000000 1.141500711 2.694068193 0.029558089 -0.010849113 0.704228997 -0.709841192 0.008331702
1756483502732086528.000000 1.143569827 2.640932560 0.028837921 -0.011679099 0.704496443 -0.709566057 0.008026542
1756483503298917376.000000 1.144415259 2.583937168 0.028898837 0.011865278 -0.705707669 0.708345234 -0.009111271
1756483503799036416.000000 1.144452453 2.533474922 0.027976926 0.010478392 -0.707668066 0.706414342 -0.008660323
1756483504332494592.000000 1.144684196 2.479846716 0.027119830 0.010497211 -0.706638932 0.707431495 -0.009584759
1756483504833710336.000000 1.145724654 2.430374622 0.026584910 0.010676883 -0.706442297 0.707627535 -0.009417303
1756483505335121664.000000 1.147487283 2.384734392 0.027994996 0.011837396 -0.705305517 0.708712697 -0.011414950
1756483507501839104.000000 1.137809038 2.166994095 0.026004825 -0.002326139 0.704886794 -0.709315836 -0.000579826
1756483508001841664.000000 1.138772845 2.115897655 0.026925031 -0.005732474 0.704517603 -0.709656835 0.003045395
1756483508535165184.000000 1.147948503 2.066637993 0.026581440 -0.028186938 0.704010010 -0.709175348 0.025413390
1756483509101809664.000000 1.146952629 2.008739471 0.026824318 0.013566660 -0.705189407 0.708798885 -0.011317624
1756483509635147520.000000 1.149970412 1.957086682 0.027818959 -0.012693205 0.704541922 -0.709477305 0.010081152
1756483510135182592.000000 1.151662469 1.905224919 0.027208349 0.013061009 -0.706829131 0.707169950 -0.011520281
1756483510668529920.000000 1.153186917 1.854523420 0.027979327 -0.012246010 0.702693582 -0.711302161 0.011000361
1756483511201852160.000000 1.155019999 1.798692703 0.027341792 0.013150692 -0.705354989 0.708627105 -0.012212732
1756483511768517632.000000 1.156703949 1.740885735 0.027008373 0.012958012 -0.704964340 0.709045708 -0.010565284
1756483512301844736.000000 1.158174276 1.686978221 0.026381966 0.013947001 -0.705217421 0.708769977 -0.010912688
1756483512868502016.000000 1.160532355 1.628474236 0.025328569 0.014918500 -0.705349684 0.708616197 -0.011065825
1756483513401812736.000000 1.163473129 1.576023817 0.024343750 0.015727993 -0.707514346 0.706448555 -0.010327625
1756483513468479744.000000 1.163525462 1.571019888 0.023733627 0.019252608 -0.709655523 0.704143643 -0.014148829
1756483514001806592.000000 1.177379012 1.581326842 0.023587503 0.074704476 -0.701939523 0.704753339 -0.070871659
1756483514535365120.000000 1.190258265 1.593444943 0.023727411 0.136744261 -0.692076445 0.695813477 -0.134813964
1756483515069786112.000000 1.200430393 1.606502533 0.022120476 -0.197581396 0.676078975 -0.681922376 0.197131246
1756483515603831552.000000 1.208621860 1.620610714 0.020913580 -0.256500989 0.655489802 -0.662089050 0.257251918
1756483516137027072.000000 1.214244962 1.632201672 0.017171625 -0.312098324 0.629010499 -0.637161911 0.317750335
1756483516703550208.000000 1.217168450 1.648695111 0.018998753 -0.370027393 0.596460581 -0.604234457 0.377114296
1756483517236752128.000000 1.221655130 1.663023472 0.022873275 -0.422610939 0.553665400 -0.568889499 0.437286496
1756483517769955072.000000 1.259743810 1.668066382 0.019925473 -0.470609367 0.521170378 -0.527106941 0.478609025
1756483518303139584.000000 1.253075480 1.681829572 0.020351680 -0.514436424 0.475946128 -0.483972788 0.524023771
1756483518836358912.000000 1.249536514 1.689731717 0.020677738 -0.556815386 0.427127421 -0.434661955 0.564435899
1756483519436216320.000000 1.237119675 1.699625015 0.022816077 -0.597088575 0.368069470 -0.375762224 0.605650783
1756483520002768128.000000 1.222968936 1.706157446 0.023984388 -0.628602087 0.308479220 -0.317334771 0.639530063
1756483520569499392.000000 1.205169559 1.713241100 0.023041040 -0.656750560 0.246546999 -0.253746957 0.665962338
1756483521103497728.000000 1.187842131 1.717450261 0.023561850 -0.675263286 0.187344611 -0.195431158 0.686096311
1756483521637280768.000000 1.168263555 1.718693018 0.021881847 -0.688148975 0.125310168 -0.133966357 0.701998115
1756483522170621696.000000 1.154271245 1.733032942 0.020479843 -0.696513295 0.056221198 -0.064443938 0.712429285
1756483522737299456.000000 1.155815721 1.786050439 0.021426860 -0.697539151 0.034651160 -0.042028312 0.714473307
1756483523270641152.000000 1.161688566 1.841734171 0.020208554 -0.701242387 0.033489253 -0.042038947 0.710894108
1756483524804021504.000000 1.156905532 1.986421943 0.020470895 -0.702483892 -0.002445232 -0.006801724 0.711663008
1756483527504167424.000000 1.160221338 2.242872000 0.021537576 -0.699890673 -0.014632653 0.008204397 0.714053035
1756483529704289024.000000 1.156339884 2.455844164 0.020677112 -0.700583398 -0.014810811 0.004312352 0.713403881
1756483532405860608.000000 1.149346590 2.717730761 0.022173379 -0.702949286 -0.015210669 0.005350627 0.711057246
1756483535039794432.000000 1.146086097 2.967540741 0.024716899 -0.701646507 -0.014176314 0.005939119 0.712359428
1756483537640405760.000000 1.143810987 3.222397566 0.025143098 -0.700883508 -0.013812797 0.007815901 0.713099182
1756483538674000128.000000 1.155983210 3.286312342 0.024244618 -0.699390292 0.036843982 -0.042757366 0.712508023
1756483539207462912.000000 1.170339584 3.290798426 0.025480375 -0.693098843 0.100428410 -0.106154203 0.705875039
1756483539774270208.000000 1.187358975 3.295548677 0.025050949 -0.682599723 0.166148052 -0.172332183 0.690473795
1756483540207712512.000000 1.200013399 3.295344830 0.025399402 -0.668082356 0.216572061 -0.222544953 0.676192582
1756483540707832576.000000 1.215188622 3.292832851 0.025975030 -0.647500813 0.271614254 -0.277942926 0.655527353
1756483541207950080.000000 1.261820316 3.309867859 0.026023470 -0.619761765 0.328354239 -0.335680664 0.628806412
1756483541708062720.000000 1.295440316 3.315456390 0.025787370 -0.593152404 0.371726215 -0.382037461 0.603355050
1756483542208170752.000000 1.306741834 3.304208279 0.026465815 -0.562767148 0.420858085 -0.428159535 0.568199873
1756483542741616384.000000 1.316318512 3.290362358 0.028253553 -0.523356378 0.469436646 -0.476845175 0.527585208
1756483543275059712.000000 1.326723695 3.275350094 0.027138209 -0.475799412 0.511088610 -0.526099861 0.485409439
1756483543775172864.000000 1.381129622 3.253273249 0.025811333 -0.433106750 0.551926017 -0.563162029 0.436628878
1756483544308631296.000000 1.411416650 3.231044769 0.025854448 -0.387465894 0.582949579 -0.596660972 0.392473668
1756483544842091008.000000 1.412812591 3.215509653 0.025606526 -0.335482508 0.617055893 -0.626517713 0.337889105
1756483545342209792.000000 1.409935951 3.200711012 0.025780937 -0.281515390 0.643346131 -0.652980864 0.283674121
1756483545875665664.000000 1.404475808 3.185973644 0.026879078 -0.224723861 0.665394187 -0.675467134 0.224708512
1756483546409121024.000000 1.396312356 3.175277710 0.027453519 -0.163144842 0.682404637 -0.693706036 0.162725806
1756483546909237504.000000 1.386073947 3.167854071 0.026831592 -0.105704337 0.694300890 -0.704038382 0.105369955
1756483547409352192.000000 1.369863272 3.168648720 0.027647864 -0.045965794 0.701765060 -0.709509671 0.044821229
1756483547909472512.000000 1.357055187 3.166231155 0.030896543 0.013185846 0.697047710 -0.716764092 -0.014139609
1756483548442934016.000000 1.357278109 3.110152721 0.029633189 0.004540395 0.704348028 -0.709795833 -0.007944656
1756483548943038464.000000 1.361392856 3.062819481 0.028835697 -0.012972008 0.703583479 -0.710415304 0.010592532
1756483549476482560.000000 1.359975457 3.011653423 0.030120017 -0.000663428 0.704027057 -0.710172355 -0.000870854
1756483550510050816.000000 1.360828757 2.915715933 0.030147841 -0.012043160 0.702091634 -0.711906970 0.010530013
1756483551043525376.000000 1.361023307 2.864115715 0.028855368 -0.012519061 0.702443480 -0.711520791 0.012436645
1756483551543657472.000000 1.363487363 2.814471006 0.029144624 -0.012586762 0.702419639 -0.711574972 0.010458267
1756483552077128448.000000 1.363693476 2.762253284 0.029356405 -0.012733141 0.702215612 -0.711765647 0.010993867
1756483552577261312.000000 1.364084601 2.714269161 0.029785817 -0.012203703 0.700732052 -0.713234127 0.011082068
1756483553110746624.000000 1.365427017 2.662023544 0.028642092 -0.013740842 0.703546524 -0.710410237 0.012283302
1756483553610886912.000000 1.367026091 2.611953974 0.027334586 -0.013605169 0.702919960 -0.711032987 0.012275300
1756483554111023104.000000 1.368441701 2.563914776 0.027101321 -0.014544075 0.704275608 -0.709659040 0.012976067
1756483554611163648.000000 1.368816614 2.514250040 0.028108992 -0.014724212 0.703359663 -0.710545957 0.013890626
1756483555177996800.000000 1.370059133 2.457292795 0.027984705 -0.014759412 0.704184473 -0.709705293 0.014991245
1756483555678136832.000000 1.373030305 2.408580065 0.026846882 -0.015968014 0.703557074 -0.710298121 0.015136006
1756483556278293248.000000 1.377989292 2.349020481 0.026786413 -0.016193826 0.704141915 -0.709733844 0.014136626
1756483556845091072.000000 1.380998135 2.294137478 0.027266486 0.016367519 -0.704867125 0.709028482 -0.013157682
1756483557345199360.000000 1.383945584 2.243622541 0.026109789 0.017806258 -0.705552578 0.708260715 -0.015661312
1756483557845326848.000000 1.381458879 2.194017649 0.026028184 0.004904006 -0.706818521 0.707371891 -0.002939477
1756483558412143872.000000 1.381876588 2.137622833 0.025533417 0.005158836 -0.706068277 0.708117783 -0.003192883
1756483558945584896.000000 1.382039070 2.086273670 0.025151812 -0.004521813 0.704607666 -0.709578753 0.002389740
1756483559479023872.000000 1.382826090 2.034859419 0.025079997 -0.004301498 0.702413321 -0.711756408 0.000147018
1756483560012478208.000000 1.382666349 1.984759688 0.026528357 -0.005551717 0.700381935 -0.713744760 0.001674116
1756483560512591360.000000 1.383905053 1.932896495 0.024999032 -0.007616127 0.702762067 -0.711377442 0.003118432
1756483561012708864.000000 1.385134101 1.882701516 0.024503827 -0.009757302 0.702520311 -0.711582303 0.004546743
1756483561546163712.000000 1.386176467 1.831177831 0.025668126 -0.010235235 0.702386677 -0.711695910 0.006109309
1756483562046260736.000000 1.386651635 1.777686000 0.024122426 0.011377104 -0.705133736 0.708953083 -0.006528961
1756483562546360832.000000 1.387883544 1.730523825 0.024083441 -0.012604713 0.704433858 -0.709610879 0.008154574
1756483563046476544.000000 1.388466477 1.678786993 0.022761708 0.013748250 -0.705713212 0.708293438 -0.010012637
1756483563546588672.000000 1.389259815 1.630304933 0.023731589 -0.013125902 0.704700172 -0.709312916 0.010028572
1756483564046687744.000000 1.389588356 1.578078032 0.022799250 0.013706319 -0.705022931 0.708978176 -0.010240638
1756483564580127232.000000 1.390545368 1.524308085 0.021904141 -0.014689134 0.702398181 -0.711549520 0.010882278
1756483565080230400.000000 1.401004314 1.512803555 0.021873072 -0.051334094 0.702721298 -0.707933903 0.048756886
1756483565613671424.000000 1.417665839 1.524721503 0.021816755 0.111397125 -0.697378933 0.699455678 -0.109613389
1756483566147113216.000000 1.448666096 1.497243524 0.020584987 0.177804425 -0.684178174 0.685248256 -0.175273165
1756483566647220224.000000 1.456393480 1.511295676 0.021633085 -0.225201279 0.667004287 -0.673274159 0.226034403
1756483567180677888.000000 1.461991072 1.529324412 0.021569403 -0.285992891 0.642759204 -0.649840236 0.287709028
1756483567680799232.000000 1.467675686 1.542551756 0.020632014 -0.338143229 0.609718978 -0.626554906 0.348325968
1756483568180926720.000000 1.511992931 1.532556891 0.019495007 0.392141163 -0.587080598 0.587180018 -0.395956397
1756483568714393088.000000 1.503488421 1.550006509 0.020306865 -0.436283231 0.547563434 -0.557431519 0.446207881
1756483569281200384.000000 1.495146990 1.567983508 0.020941066 -0.485927880 0.502455652 -0.513573349 0.497649372
1756483569848971520.000000 1.487887502 1.581669807 0.021524359 -0.530390561 0.455520421 -0.465544164 0.542637587
1756483570350430464.000000 1.479417324 1.590158820 0.021597188 -0.566741765 0.407969981 -0.419039786 0.580318868
1756483570850769408.000000 1.469623208 1.598853350 0.022997528 -0.599210799 0.359889954 -0.369868457 0.612064600
1756483571384099072.000000 1.457126021 1.605360150 0.023727264 -0.629846334 0.303616911 -0.312587172 0.642961681
1756483571884141824.000000 1.444525480 1.609113216 0.023748502 -0.654468656 0.249624088 -0.256988883 0.665819347
1756483572417520640.000000 1.426983953 1.614672065 0.023548523 -0.674319685 0.190224499 -0.197360680 0.685679495
1756483572950845696.000000 1.408375740 1.616246462 0.023850385 -0.688371956 0.129772216 -0.137335494 0.700315833
1756483573517485568.000000 1.391710162 1.620339751 0.023938611 -0.691736698 0.061083671 -0.071515284 0.715999186
1756483574017495040.000000 1.403326750 1.676022053 0.022514425 -0.699508309 0.064634942 -0.074253060 0.707811415
1756483574584160000.000000 1.402288198 1.728108644 0.022359736 -0.700385451 0.031264212 -0.042667247 0.711802125
1756483575150822144.000000 1.406418562 1.782729030 0.022557925 -0.699574709 0.028861374 -0.038067862 0.712960780
1756483575684147456.000000 1.411016464 1.835996747 0.022109274 -0.700590789 0.027423367 -0.036284566 0.712112308
1756483576217475328.000000 1.416838527 1.888886213 0.022586804 -0.701252818 0.028637964 -0.035374891 0.711458445
1756483576784134144.000000 1.416441679 1.943420649 0.022003427 -0.701925039 0.016535031 -0.023594677 0.711667895
1756483577384118784.000000 1.418834925 2.001388311 0.021684323 -0.701347649 0.015933050 -0.023984686 0.712237597
1756483577917446656.000000 1.421034455 2.052872181 0.020489335 -0.701258600 0.013934627 -0.022776755 0.712406814
1756483578550758656.000000 1.424404860 2.113931656 0.020812534 -0.701937377 0.011833269 -0.020354232 0.711849451
1756483579084079360.000000 1.427417397 2.162502289 0.021613397 -0.699257672 0.011594679 -0.019961478 0.714496970
1756483579650726656.000000 1.430031300 2.217235804 0.022101551 -0.701000094 0.009957946 -0.021721881 0.712760806
1756483580184047616.000000 1.427645445 2.265111685 0.022597056 -0.698568404 -0.002349510 -0.007403981 0.715501189
1756483580750697216.000000 1.428930640 2.320592403 0.022086913 -0.699614048 -0.001370650 -0.007884941 0.714476168
1756483581317342208.000000 1.431279302 2.375051022 0.023835018 -0.700611651 -0.001632436 -0.006749111 0.713509083
1756483581917324288.000000 1.423709631 2.428042650 0.022688391 -0.697673261 -0.026776828 0.020287687 0.715628088
1756483582483960320.000000 1.420504451 2.482408285 0.024568062 -0.699395001 -0.024536682 0.017167885 0.714107811
1756483583017276928.000000 1.417502165 2.533824682 0.024253249 -0.698933959 -0.025605811 0.014607918 0.714578390
1756483584150567424.000000 1.413026571 2.645012617 0.025004011 -0.702010572 -0.026609860 0.016415777 0.711479962
1756483586918809088.000000 1.397642732 2.909890413 0.023184029 -0.700375497 -0.028595001 0.023189185 0.712824523
1756483589619478784.000000 1.381028175 3.172619343 0.024674604 -0.700603902 -0.027651515 0.019021254 0.712760746
1756483591219838976.000000 1.385359883 3.295843124 0.026674919 -0.701139033 0.016922161 -0.025604349 0.712363780
1756483591719961088.000000 1.400203109 3.300456285 0.027096299 -0.697090089 0.077451169 -0.086280718 0.707546771
1756483592220082688.000000 1.414969802 3.303730965 0.027073015 -0.687428713 0.136267826 -0.146079049 0.698236287
1756483592720204800.000000 1.430451155 3.304867744 0.027151488 -0.673589230 0.193997592 -0.204455554 0.683257282
1756483593220329216.000000 1.444280267 3.303812265 0.026849331 -0.655205250 0.250379443 -0.261229783 0.663155556
1756483593753797888.000000 1.457034111 3.297764301 0.027416777 -0.629250169 0.308627963 -0.319188774 0.637896240
1756483594287270400.000000 1.468294263 3.288635492 0.026203381 -0.597898662 0.362655997 -0.374870121 0.608662784
1756483594820737280.000000 1.480958343 3.278269291 0.025557613 -0.564514458 0.414657384 -0.426238865 0.572453558
1756483595354201344.000000 1.493829489 3.264237881 0.025812883 -0.525848985 0.464025348 -0.474346250 0.532126904
1756483595854320384.000000 1.500585198 3.250818968 0.025303211 -0.484093100 0.506471753 -0.518198490 0.490520746
1756483596354439936.000000 1.512899637 3.232174397 0.026680933 -0.436094970 0.541318953 -0.560966611 0.449568123
1756483596854560512.000000 1.567320108 3.200928688 0.024946876 -0.394513577 0.581391633 -0.590157807 0.397563457
1756483597354681600.000000 1.608973503 3.164408207 0.025816202 -0.344642073 0.612417221 -0.620635033 0.347820580
1756483597888142592.000000 1.610630274 3.147578955 0.026927255 -0.295616150 0.638652503 -0.645493746 0.296769142
1756483598454944512.000000 1.604003310 3.131577730 0.027286537 -0.231966496 0.663526058 -0.672110498 0.232792258
1756483598955061248.000000 1.595460057 3.118678570 0.027549485 -0.177073345 0.679874599 -0.689447105 0.176290661
1756483599455178752.000000 1.584727526 3.107934237 0.026936444 -0.118275359 0.692721367 -0.701556742 0.118178383
1756483599988649216.000000 1.572564721 3.087970972 0.025979139 -0.053926453 0.701343179 -0.708914220 0.051481675
1756483600488778752.000000 1.566912770 3.040403605 0.026983097 -0.012458983 0.703329504 -0.710693479 0.009339024
1756483601022245120.000000 1.572941303 2.993580103 0.027920334 -0.027680051 0.701517761 -0.711682141 0.024802601
1756483601555712512.000000 1.571993470 2.940518141 0.027646810 -0.012834484 0.701397181 -0.712570488 0.010981120
1756483602055838720.000000 1.574804068 2.891546249 0.025064722 -0.015204269 0.700952232 -0.712963641 0.010850481
1756483602622649344.000000 1.574556351 2.838533640 0.025312847 -0.016035516 0.702028513 -0.711872637 0.011674703
1756483603122773760.000000 1.577206850 2.794039011 0.024996083 -0.019486684 0.701498389 -0.712289095 0.012830616
1756483603656238592.000000 1.580354929 2.742663860 0.025440570 -0.023480633 0.701992929 -0.711636305 0.015115966
1756483604189701376.000000 1.581691623 2.693554401 0.026050868 -0.024511913 0.700981379 -0.712540686 0.017608706
1756483604723166976.000000 1.584694386 2.644714355 0.026865764 -0.026272727 0.700273395 -0.713124871 0.019488318
1756483605256638720.000000 1.589292645 2.595818520 0.025964426 -0.030922774 0.700504005 -0.712539554 0.025005562
1756483605790104320.000000 1.591381550 2.547270298 0.028259212 -0.031970866 0.699454367 -0.713422418 0.027747951
1756483606323565312.000000 1.591776729 2.493692636 0.027747279 -0.018791622 0.702583492 -0.711207509 0.014398477
1756483606857033472.000000 1.593977809 2.440152884 0.026146619 0.020892557 -0.705036104 0.708669424 -0.016593313
1756483607357163776.000000 1.595958948 2.392340183 0.025704516 0.022293242 -0.705151677 0.708439827 -0.019420432
1756483607857290752.000000 1.597728968 2.345228910 0.025498621 0.024045760 -0.704727292 0.708686531 -0.023339625
1756483608390760704.000000 1.602439165 2.295663595 0.025786528 -0.025657393 0.703763425 -0.709503889 0.025750954
1756483608924223744.000000 1.608094096 2.244329453 0.025795575 -0.027792918 0.702943683 -0.710211515 0.026408061
1756483609424344064.000000 1.612261415 2.196257591 0.025925452 -0.029738327 0.701835632 -0.711128116 0.028969776
1756483609958945536.000000 1.618187666 2.142731667 0.024575500 -0.032260150 0.703523219 -0.709257483 0.031117786
1756483610493811200.000000 1.615435719 2.085117579 0.027116071 0.008458381 -0.706399024 0.707694829 -0.009849737
1756483611093789952.000000 1.616868734 2.027747154 0.026586654 -0.010776888 0.704137564 -0.709861159 0.013091726
1756483611660424192.000000 1.617297888 1.972842574 0.027000526 -0.010799686 0.702543855 -0.711435676 0.013219834
1756483612193727232.000000 1.618493319 1.918585777 0.026755521 -0.011753705 0.703601956 -0.710403323 0.011543448
1756483612727034368.000000 1.620485425 1.867398143 0.026835989 -0.010951934 0.702182412 -0.711831629 0.010756176
1756483613293686528.000000 1.620544910 1.809922218 0.026639573 -0.009869222 0.704240084 -0.709829807 0.009498032
1756483613827019008.000000 1.619510055 1.760226250 0.027344642 -0.008579717 0.702017605 -0.712044239 0.009528792
1756483614360353280.000000 1.619038343 1.709203243 0.027608583 -0.008476324 0.702347398 -0.711730540 0.008721930
1756483614860355328.000000 1.619707584 1.661146164 0.026726844 -0.009117359 0.702920437 -0.711160183 0.008426908
1756483615393679872.000000 1.620535731 1.613693237 0.025114030 0.011998327 -0.704859614 0.709157765 -0.011148678
1756483615960333568.000000 1.635167837 1.622479320 0.025850009 -0.074953914 0.699026287 -0.707030356 0.076500662
1756483616493638656.000000 1.648522019 1.633478165 0.024896814 -0.136977017 0.689452231 -0.697727323 0.138092533
1756483617060296448.000000 1.662290215 1.643871903 0.023794131 -0.200542644 0.673413932 -0.682058215 0.202714011
1756483617560415488.000000 1.670251250 1.658639789 0.023409411 -0.255448252 0.653697908 -0.663120866 0.260184616
1756483618061641728.000000 1.675517201 1.674729347 0.022789786 -0.307649285 0.629569590 -0.641342998 0.312527329
1756483618629463040.000000 1.679607391 1.693647861 0.022657566 -0.366834819 0.597121298 -0.608604610 0.372127593
1756483619195990016.000000 1.678724289 1.710388541 0.021945089 -0.421496987 0.558755100 -0.571839333 0.427940130
1756483619729179136.000000 1.707739592 1.721547127 0.021571873 -0.475787669 0.518566310 -0.526144266 0.477375329
1756483620262370816.000000 1.706031084 1.733642578 0.021956908 -0.514535427 0.477712303 -0.487100691 0.519400835
1756483620795554048.000000 1.698256373 1.749556303 0.024261089 -0.551398814 0.421295494 -0.439879835 0.570065856
1756483621328730624.000000 1.722467899 1.768373609 0.023835536 -0.589846253 0.378463119 -0.387652397 0.598809361
1756483621895238400.000000 1.713756323 1.770752549 0.023858506 -0.624821723 0.319847882 -0.327437907 0.632518530
1756483622428409856.000000 1.697939873 1.777283311 0.024677970 -0.649888694 0.263396531 -0.271484584 0.659214079
1756483622994944512.000000 1.681303144 1.780061603 0.025018126 -0.671294510 0.202126071 -0.210530013 0.681311905
1756483623528137216.000000 1.664319396 1.782943726 0.024407141 -0.685929894 0.143254608 -0.151367828 0.697184503
1756483624094679552.000000 1.646330357 1.785502672 0.024311990 -0.693771362 0.073427700 -0.080958143 0.711853564
1756483624694523392.000000 1.647984982 1.840663195 0.025246929 -0.699580669 0.048007216 -0.053872112 0.710900843
1756483625227715840.000000 1.647430182 1.889281392 0.025254458 -0.699793041 0.022074591 -0.028513253 0.713434935
1756483625761211648.000000 1.651113033 1.940606475 0.025867093 -0.699563205 0.024310634 -0.030745748 0.713495016
1756483626261830912.000000 1.649383187 1.987478137 0.025581310 -0.700898886 0.009497871 -0.016953809 0.712995887
1756483626795536384.000000 1.646378517 2.034751892 0.025231715 -0.699015915 -0.004602917 -0.005672253 0.715068817
1756483627328861952.000000 1.642940760 2.086351871 0.024761450 -0.699646175 -0.011334987 -0.001272102 0.714398503
1756483627828873216.000000 1.640456438 2.134814739 0.025102256 -0.700409770 -0.017091546 0.005614416 0.713514209
1756483628395563520.000000 1.638679504 2.190722227 0.025549944 -0.700051665 -0.017634431 0.005873384 0.713850319
1756483628896400384.000000 1.638603806 2.239675999 0.025422158 -0.701478899 -0.017133094 0.008819934 0.712429702
1756483629397684992.000000 1.638342261 2.286455393 0.025439501 -0.700929999 -0.016700137 0.011824219 0.712936580
1756483629964677376.000000 1.635524750 2.338999271 0.025659073 -0.701283336 -0.020760207 0.016151629 0.712397337
1756483630531183616.000000 1.633508563 2.391883135 0.025557054 -0.700454295 -0.021146554 0.017859410 0.713160396
1756483631064383744.000000 1.628769517 2.442739964 0.025224924 -0.701918066 -0.025703439 0.019316681 0.711531699
1756483631330972416.000000 1.627316833 2.467073679 0.025302600 -0.701967061 -0.026723979 0.021225967 0.711391270
1756483631930806272.000000 1.625485420 2.521883249 0.027091566 -0.699621320 -0.026924342 0.027103074 0.713491797
1756483632497300480.000000 1.620543122 2.577093840 0.026232902 -0.701054752 -0.026970847 0.028583154 0.712023854
1756483633030498304.000000 1.616932034 2.630050898 0.025576223 -0.703978717 -0.028162979 0.029432639 0.709051907
1756483633597053184.000000 1.611609578 2.683041573 0.026105117 -0.702270567 -0.030984327 0.031741705 0.710527003
1756483634097642496.000000 1.606132746 2.729117632 0.025350846 -0.703491390 -0.035569414 0.034775067 0.708960831
1756483634598265344.000000 1.601561189 2.777606726 0.025066074 -0.703021049 -0.036256872 0.036588363 0.709301174
1756483635164927744.000000 1.596079946 2.832383156 0.025537554 -0.702232301 -0.035534684 0.035306863 0.710183442
1756483635731586304.000000 1.590826511 2.882207394 0.025515314 -0.698893428 -0.037662551 0.038471054 0.713196635
1756483636231590912.000000 1.584977150 2.930395365 0.024382081 -0.699911594 -0.040019270 0.038732115 0.712054908
1756483636831584000.000000 1.577295303 2.986948490 0.024710577 -0.698566437 -0.041803651 0.039857872 0.713210225
1756483637431563008.000000 1.570252538 3.045557499 0.024200328 -0.700473964 -0.041964419 0.038618628 0.711395681
1756483637964890880.000000 1.563969970 3.093917131 0.023628987 -0.698410630 -0.044338871 0.040590920 0.713168383
1756483638564874496.000000 1.566050529 3.132785797 0.024232294 -0.700488031 -0.019122662 0.014593155 0.713258684
1756483639131550464.000000 1.583456874 3.140401602 0.024100035 -0.698814213 0.046636198 -0.051476721 0.711922824
1756483639664882944.000000 1.599701643 3.146158457 0.025326572 -0.692521632 0.109701961 -0.115773901 0.703545094
1756483640198222336.000000 1.616020441 3.148014307 0.026103243 -0.679841638 0.172103301 -0.178167984 0.690255105
1756483640731551488.000000 1.638010859 3.153879404 0.025820680 -0.658914983 0.235400379 -0.241882265 0.672243059
1756483641264876800.000000 1.689081669 3.185496807 0.025334958 -0.636275351 0.296713471 -0.300365239 0.645674586
1756483641798194432.000000 1.716855645 3.192175388 0.026357137 -0.609796166 0.347769648 -0.351770788 0.619243324
1756483642331504896.000000 1.731184840 3.184178114 0.025648598 -0.576984763 0.400552273 -0.406152874 0.584539354
1756483642898152960.000000 1.743621707 3.171492338 0.025654707 -0.538396418 0.453398705 -0.458169937 0.542806864
1756483643431465472.000000 1.775050163 3.154921293 0.027256664 -0.494384438 0.501509964 -0.506215453 0.497812837
1756483643931473408.000000 1.801754951 3.137688875 0.026671229 -0.453055173 0.534247637 -0.545351028 0.460339904
1756483644464816896.000000 1.804976821 3.119799852 0.025546126 -0.407149911 0.572632611 -0.580886245 0.410964936
1756483644965390080.000000 1.805861592 3.103222370 0.025275758 -0.359082103 0.605542839 -0.611888111 0.360514760
1756483645466193664.000000 1.799739957 3.090368509 0.027789503 -0.306697249 0.634597063 -0.639715850 0.306573153
1756483645966445568.000000 1.795070410 3.076335192 0.026735952 0.253792107 -0.658236504 0.663320720 -0.249639645
1756483646466558976.000000 1.789089084 3.062038660 0.027829010 0.199143142 -0.676627696 0.681816816 -0.194017753
1756483646966672640.000000 1.793532014 3.014012575 0.028237244 0.137387961 -0.688873112 0.699133515 -0.133381709
1756483647500128000.000000 1.806325912 2.957745075 0.026530782 0.116363041 -0.697162628 0.698813319 -0.109927170
1756483648066922752.000000 1.818180561 2.904580593 0.025618365 0.103875354 -0.697771013 0.702130616 -0.096633978
1756483648633718016.000000 1.828035235 2.850744724 0.025521455 -0.087452844 0.699153543 -0.704908669 0.081487425
1756483649200524800.000000 1.827575326 2.797391176 0.026035907 -0.058286045 0.699705184 -0.710031450 0.053578798
1756483649700644096.000000 1.828110337 2.746866226 0.024092803 -0.043761339 0.701082826 -0.710650444 0.039291177
1756483650234087680.000000 1.832771659 2.696097136 0.024018684 -0.044294171 0.700622439 -0.711027801 0.040072344
1756483650734204160.000000 1.837279201 2.649248838 0.024732569 -0.043984316 0.699631810 -0.711908519 0.042035159
1756483651267691520.000000 1.842779040 2.596368074 0.024314564 -0.044035148 0.700014353 -0.711639762 0.040121801
1756483651834511104.000000 1.847359538 2.539786100 0.023934884 -0.044419549 0.702959359 -0.708672523 0.040723573
1756483652401318656.000000 1.851914048 2.487943172 0.023791701 -0.043803450 0.700155377 -0.711477995 0.040777400
1756483652935662336.000000 1.857441425 2.438578606 0.024493700 -0.045260709 0.700244546 -0.711267054 0.041330833
1756483653503975168.000000 1.861613274 2.383844376 0.025060751 -0.044815361 0.699655473 -0.711889982 0.041067991
1756483654037514496.000000 1.867491364 2.328778505 0.024706604 -0.043662101 0.702488959 -0.709247470 0.039634727
1756483654604167424.000000 1.873102188 2.275862694 0.024917068 -0.042655442 0.700595796 -0.711254358 0.038253158
1756483655170815744.000000 1.878820062 2.223115206 0.026087796 -0.044744320 0.698837638 -0.712727368 0.040542696
1756483655737457152.000000 1.890471697 2.171786785 0.026077276 -0.067834914 0.696999133 -0.710820973 0.065759256
1756483656304109824.000000 1.900853038 2.115739346 0.025611090 -0.068612032 0.698994040 -0.708781362 0.065792829
1756483656870761984.000000 1.909960866 2.060290575 0.025048235 -0.069711909 0.698820889 -0.708740473 0.066907294
1756483657404078848.000000 1.910101891 2.000751019 0.024557462 0.031716719 -0.704403102 0.708554804 -0.027576657
1756483657970732032.000000 1.900211334 1.941893101 0.027050976 0.037364349 0.703213155 -0.708661497 -0.043521881
1756483660804015872.000000 1.720642924 1.698144078 0.029348265 0.254373878 0.654455483 -0.659386635 -0.268684298
1756483661337327616.000000 1.673400998 1.668036461 0.029216301 0.283567190 0.642162800 -0.647980690 -0.295529634
1756483661903974144.000000 1.645634174 1.652344942 0.028442461 0.308929026 0.631746233 -0.634831011 -0.320076734
1756483662437284864.000000 1.630132914 1.661610961 0.030186132 -0.364442766 -0.601501763 0.603930354 0.375027061
1756483663003931648.000000 1.614055753 1.674575210 0.029224502 -0.419357628 -0.566056013 0.565552950 0.428800344
1756483663537234688.000000 1.603088975 1.689078689 0.029296402 -0.468813330 -0.527038157 0.524794996 0.476482064
1756483664103894528.000000 1.594039083 1.706642985 0.029643368 -0.518366992 -0.480883390 0.476652503 0.522349834
1756483664670553600.000000 1.588209033 1.724639893 0.030441713 -0.561504006 -0.429972082 0.425376594 0.564705312
1756483665203942144.000000 1.588724971 1.728043079 0.030489061 -0.568170786 -0.420618564 0.416732520 0.571485817
1756483665703971584.000000 1.587651134 1.724555731 0.030425094 -0.561928630 -0.429424226 0.424764723 0.565160036
1756483666303940096.000000 1.592030764 1.705803037 0.032938562 -0.504758656 -0.479562640 0.489895165 0.524634182
1756483666837246208.000000 1.534209728 1.706677079 0.031248126 -0.508036733 -0.489807725 0.489319682 0.512399673
1756483667403888896.000000 1.478323579 1.709382772 0.029740486 -0.507916451 -0.491731405 0.488586992 0.511374593
1756483667937207552.000000 1.435747623 1.691894293 0.028859332 -0.458185971 -0.537758410 0.535944462 0.462217480
1756483668470520320.000000 1.396424174 1.667317867 0.027977325 -0.407752484 -0.575424790 0.575331271 0.414268136
1756483668971062784.000000 1.363179564 1.637903094 0.027194401 -0.356777132 -0.608250856 0.609070599 0.363006920
1756483669505260544.000000 1.333146214 1.600442290 0.026086118 -0.300540835 -0.638354897 0.638567567 0.307261825
1756483670038840064.000000 1.310485840 1.559038043 0.023829971 -0.242604911 -0.661480188 0.664698958 0.248519927
1756483672105984512.000000 1.208016634 1.394884109 0.021951197 -0.166993588 -0.687701464 0.685135186 0.172539279
1756483672639541504.000000 1.194510937 1.348763347 0.020994984 -0.136316940 -0.693466306 0.693276346 0.141032562
1756483673140890112.000000 1.173127532 1.303376913 0.021555830 -0.138743863 -0.693089962 0.692640185 0.143617839
1756483673642210816.000000 1.153351784 1.257529378 0.020608980 -0.133109257 -0.693746567 0.694247067 0.137907997
1756483674775511808.000000 1.129119635 1.153463602 0.019340146 -0.094348185 -0.700082302 0.701133430 0.096929155
1756483675308842752.000000 1.111899495 1.102872849 0.018726256 -0.096425302 -0.699179411 0.701549649 0.098379239
1756483675875513600.000000 1.107588887 1.048455358 0.018430883 -0.058821525 -0.704963088 0.704200447 0.060571421
1756483676442195456.000000 1.094511628 0.996571124 0.018253844 0.059350651 0.701038182 -0.707994521 -0.061374519
1756483676975529728.000000 1.082614899 0.942061782 0.016937187 -0.058670744 -0.703757763 0.705372572 0.061093044
1756483677508843776.000000 1.070126176 0.889403880 0.016277652 -0.058713689 -0.703382492 0.705777526 0.060695279
1756483678108837632.000000 1.057020783 0.827305496 0.015007216 -0.058715045 -0.704132795 0.704921663 0.061927315
1756483678642156032.000000 1.044320345 0.773821533 0.014271203 -0.057202380 -0.703760982 0.705616117 0.059617724
1756483679175482368.000000 1.033962011 0.722026408 0.014208779 -0.055096932 -0.703473687 0.706179321 0.058309000
1756483679742130944.000000 1.023098469 0.665471554 0.013631545 0.054465633 0.702552974 -0.707092285 -0.058934756
1756483680275456512.000000 1.010707378 0.612236083 0.013862627 -0.065459967 -0.702045739 0.705484450 0.071683422
1756483680875448320.000000 0.969796598 0.552823782 0.013920354 0.136758551 0.690308154 -0.695674300 -0.144253522
1756483681408782592.000000 0.947649062 0.506180584 0.013733957 0.133801281 0.688847065 -0.698493600 -0.140334502
1756483681975461632.000000 0.915527582 0.453867435 0.014074424 0.159088388 0.683026910 -0.693528354 -0.164874732
1756483682508802816.000000 0.889487028 0.405304372 0.013644168 0.157662868 0.685070515 -0.692125738 -0.163654581
1756483683075450624.000000 0.859504700 0.355709761 0.013483904 0.171269700 0.681917667 -0.688646615 -0.177259460
1756483683642076928.000000 0.820840061 0.309554964 0.014337989 0.190400288 0.677016556 -0.683206499 -0.196533069
1756483684208724480.000000 0.790739357 0.261598438 0.014390320 0.190766409 0.676269293 -0.682931244 -0.199682266
1756483684742033664.000000 0.759261966 0.214456916 0.014724117 -0.189722747 -0.680424571 0.679410875 0.198566362
1756483685275366656.000000 0.730416179 0.169457763 0.015331065 -0.189945877 -0.678691685 0.680924714 0.199097440
1756483685842022912.000000 0.699105084 0.120874733 0.015478035 -0.188278347 -0.680275083 0.680395961 0.197074786
1756483686375340032.000000 0.667448819 0.073927745 0.014418557 -0.200935557 -0.678338945 0.674619973 0.210639820
1756483686975322112.000000 0.617137134 0.029395446 0.015407819 -0.234587178 -0.667763948 0.662449956 0.245398089
1756483687508633088.000000 0.569814980 -0.006270830 0.014698342 -0.272618204 -0.652685285 0.647368968 0.283892095
1756483688108615680.000000 0.504432082 -0.032274455 0.013209164 -0.333766699 -0.620075345 0.618203461 0.349186033
1756483688275275520.000000 0.487582594 -0.037649035 0.012685449 -0.339860946 -0.617751002 0.613634467 0.355430812
1756483688775476992.000000 0.442599118 -0.059938651 0.012560054 -0.362040073 -0.602821946 0.601392567 0.379288405
1756483689309587968.000000 0.388687491 -0.070747964 0.012644405 -0.398190171 -0.577878535 0.576898575 0.417958111
1756483689843461888.000000 0.341476411 -0.088217340 0.012892505 -0.398592383 -0.577916682 0.577012599 0.417364150
1756483690410261504.000000 0.292565495 -0.107915267 0.011267487 -0.399750262 -0.577312648 0.575831473 0.418721855
1756483690943732224.000000 0.246714786 -0.125777170 0.009690945 -0.400816500 -0.577260673 0.575293481 0.418513715
1756483691477209856.000000 0.208355621 -0.136634693 0.009443577 -0.433704644 -0.553859174 0.554277956 0.444877863
1756483692011673088.000000 0.151965678 -0.138567984 0.009402695 -0.462053120 -0.531051815 0.531174302 0.471534550
1756483692513144832.000000 0.104951724 -0.146158755 0.008464941 -0.463057190 -0.530034363 0.529193521 0.473915488
1756483693013442304.000000 0.057482436 -0.150658354 0.008225064 -0.464244515 -0.529923975 0.529071033 0.473013312
1756483693546746368.000000 0.005889675 -0.154055297 0.007694015 -0.479162306 -0.516897678 0.514470100 0.488406479
1756483694080957952.000000 -0.044790976 -0.149221033 0.006623169 -0.493540287 -0.510330915 0.500003457 0.495960712
1756483694582059008.000000 -0.049569767 -0.149015114 0.008377794 -0.482370466 -0.501899242 0.511497498 0.503771961
1756483695115485440.000000 -0.077537462 -0.150287509 0.006526395 -0.487726480 -0.507302463 0.505298734 0.499440044
1756483695682007296.000000 -0.046498921 -0.149016306 0.007300115 -0.483964950 -0.501458585 0.509875476 0.504325509
1756483696215211520.000000 -0.049756892 -0.148593441 0.008344855 -0.489120096 -0.506506085 0.504662275 0.499529034
1756483696748392704.000000 -0.054910615 -0.138286203 0.008031067 -0.522646606 -0.471383631 0.467999786 0.534428954
1756483697214941184.000000 -0.058687158 -0.123456605 0.007678726 -0.557643235 -0.427192152 0.425213128 0.570731819
1756483697681466624.000000 -0.061493620 -0.108900957 0.007592086 -0.588184118 -0.384084910 0.380222678 0.601621866
1756483698214701056.000000 -0.059445731 -0.092785902 0.006640384 -0.618679345 -0.328610808 0.326346248 0.634625018
1756483698614607616.000000 -0.056434914 -0.080766298 0.006412276 -0.639564395 -0.286141247 0.282679409 0.655113041
1756483699181153280.000000 -0.046483882 -0.065615311 0.004306602 -0.662826955 -0.223900601 0.220006898 0.679798484
1756483699714350080.000000 -0.036175027 -0.047978837 0.004092795 -0.679206729 -0.162774146 0.160262570 0.697494626
1756483701980522752.000000 -0.003535534 -0.021555930 0.005139237 -0.699659646 0.001382700 -0.006114202 0.714448810
1756483702547051264.000000 -0.003449711 -0.021474296 0.005018542 -0.699619651 0.001193145 -0.006200731 0.714487612
1756483703146926592.000000 0.000587950 -0.019297617 0.005217879 -0.699025989 0.020648448 -0.025806533 0.714332163
1756483703713457664.000000 0.000569317 -0.019408442 0.005068850 -0.698934734 0.020581633 -0.025899086 0.714420021
1756483704246673664.000000 0.000638785 -0.019484527 0.005245106 -0.698983729 0.020562895 -0.025832014 0.714374959
1756483704779870464.000000 0.000526660 -0.019327343 0.005050301 -0.698929131 0.020659462 -0.025845785 0.714425147
1756483705313085184.000000 0.000593478 -0.019393500 0.004999334 -0.698923409 0.020684667 -0.025832575 0.714430511
1756483705880100096.000000 0.000627853 -0.019147880 0.005063535 -0.698952138 0.020675918 -0.025900053 0.714400291
1756483706414660864.000000 0.000483832 -0.019338952 0.005154099 -0.698984802 0.020782001 -0.025885427 0.714365780
1756483706948525824.000000 0.000702595 -0.019280693 0.005118470 -0.698963046 0.020716785 -0.025740314 0.714394152
1756483707481609472.000000 0.000673136 -0.019202761 0.004991321 -0.698939443 0.020709381 -0.025780421 0.714415967
1756483708048537856.000000 0.000554762 -0.019391671 0.005236270 -0.698992968 0.020697664 -0.025823819 0.714362383
1756483708582483456.000000 0.000564179 -0.019475833 0.005315838 -0.699016392 0.020707384 -0.025863910 0.714337707
1756483709116897024.000000 0.000531738 -0.019283496 0.004840265 -0.698872149 0.020783199 -0.025890814 0.714475691
1756483709651512320.000000 0.000384502 -0.019249907 0.005111410 -0.698957980 0.020784723 -0.025949532 0.714389503
1756483710218658560.000000 0.000653717 -0.019490330 0.005367803 -0.699050665 0.020677501 -0.025869504 0.714304924
1756483710785714176.000000 0.000660868 -0.019252602 0.005102636 -0.698964119 0.020713015 -0.025851766 0.714389205
1756483711352255232.000000 0.000643163 -0.019544434 0.005004595 -0.698923111 0.020637918 -0.025933350 0.714428484
1756483711918776576.000000 0.000635054 -0.019505294 0.005229695 -0.698951185 0.020782415 -0.025892088 0.714398384
1756483712451961344.000000 0.000818572 -0.019190136 0.004859953 -0.698943436 0.020734916 -0.025716821 0.714413643
1756483713085122304.000000 0.000936682 -0.019677639 0.005052147 -0.698932230 0.020780124 -0.025619544 0.714426816
1756483713618287360.000000 0.000865616 -0.019373771 0.005209172 -0.699023366 0.020793594 -0.025708176 0.714334071
1756483714218123264.000000 0.000912398 -0.019866951 0.005237152 -0.698991001 0.020678824 -0.025808040 0.714365423
1756483714751291648.000000 0.000762055 -0.019727986 0.005426457 -0.699021935 0.020568177 -0.025927220 0.714334071
1756483715284493312.000000 0.000771459 -0.019251689 0.005115563 -0.698965490 0.020645404 -0.025875183 0.714388907
1756483715817677568.000000 0.000815584 -0.019390766 0.004911992 -0.698922753 0.020656312 -0.025897855 0.714429617
1756483716384201472.000000 0.000609326 -0.019554829 0.004681269 -0.698803723 0.020740714 -0.025856983 0.714545131
1756483716917390336.000000 0.000709897 -0.019552635 0.004908695 -0.698887229 0.020716464 -0.025872707 0.714463532
1756483717517220352.000000 0.000333549 -0.019329304 0.004277678 -0.698689520 0.020820284 -0.025907308 0.714652598
1756483718117064960.000000 0.000784088 -0.019359140 0.004816849 -0.698903441 0.020750398 -0.025720904 0.714452207
1756483718750215424.000000 0.000784147 -0.019497637 0.005034443 -0.698991835 0.020710893 -0.025828706 0.714363039
1756483719350070272.000000 0.000563580 -0.019809708 0.005199465 -0.698995829 0.020775679 -0.025879811 0.714355230
1756483719949910528.000000 0.000862414 -0.019490933 0.004359370 -0.698705971 0.020745028 -0.025740353 0.714644730
1756483720483099648.000000 0.000640165 -0.019573737 0.004816844 -0.698834956 0.020804171 -0.025815899 0.714514196
1756483721049614080.000000 0.000607904 -0.018956000 0.004646974 -0.698815167 0.020848330 -0.025825836 0.714531839
1756483721682754816.000000 0.000501373 -0.019510020 0.004732693 -0.698872149 0.020747950 -0.025947841 0.714474618
