#Accelerometer
accelerometer_noise_density: 0.002064189891192468 
accelerometer_random_walk: 0.00022919238444020807 

#Gyroscope
gyroscope_noise_density: 0.0002049600985797649 
gyroscope_random_walk: 3.1998555455947417e-06 

rostopic: '/camera/camera/imu' #Make sure this is correct
update_rate: 200.0 #Make sure this is correct

