cam0:
  T_cam_imu:
  - [0.9999096012760611, -0.013228170814192109, -0.00240930962289729, 0.0052432205182821115]
  - [0.013254172338646402, 0.9998503655260585, 0.01111636060158921, -0.006472627087984925]
  - [0.002261899990249328, -0.011147289101735023, 0.9999353087845815, -0.016620439377435414]
  - [0.0, 0.0, 0.0, 1.0]
  cam_overlaps: [1]
  camera_model: pinhole
  distortion_coeffs: [0.03419681334888019, 0.022973718308438012, 0.00197394712612627, 0.0010216609371098192]
  distortion_model: radtan
  intrinsics: [382.16267862725243, 380.8712308422184, 327.2053997133069, 241.25522355942337]
  resolution: [640, 480]
  rostopic: /camera/camera/infra1/image_rect_raw
  timeshift_cam_imu: 0.003400241168496089
cam1:
  T_cam_imu:
  - [0.9997727968476054, -0.014202892485243826, 0.015894418157624067, -0.04491635499254909]
  - [0.014066203853536963, 0.9998634008737458, 0.008678796134143262, -0.006482674326315429]
  - [-0.016015511002386004, -0.008453250158364095, 0.9998360095381106, -0.01636573305068696]
  - [0.0, 0.0, 0.0, 1.0]
  T_cn_cnm1:
  - [0.9998320023757655, -0.0007729182101970653, 0.018313099756449933, -0.04985932570926995]
  - [0.00081765852199983, 0.9999966993571738, -0.002435715353151463, -5.483842546785085e-05]
  - [-0.018311156702697454, 0.0024502800208389386, 0.9998293342706098, 0.00036373896871256134]
  - [0.0, 0.0, 0.0, 1.0]
  cam_overlaps: [0]
  camera_model: pinhole
  distortion_coeffs: [0.03672014192136122, -0.001876272806743116, 0.002599782677664708, 0.0014812434184378494]
  distortion_model: radtan
  intrinsics: [382.3097047771611, 381.06337025907686, 320.267501168262, 241.70101347358377]
  resolution: [640, 480]
  rostopic: /camera/camera/infra2/image_rect_raw
  timeshift_cam_imu: 0.0034230709776159026
