cam0:
  T_cam_imu: #transform from imu to camera
  - [0.9998459267770778, -0.014520237824831474, 0.009863336190023013, 0.016028076514402044]
  - [0.015038364877477233, 0.9983915800255388, -0.05466352088843629, -0.008291760635196736]
  - [-0.009053744479437414, 0.054803427152131504, 0.9984561152515832, -0.00628396240747243]
  - [0.0, 0.0, 0.0, 1.0]
  cam_overlaps: []
  camera_model: pinhole
  distortion_coeffs: [0.127239143170079, -0.17189525099448597, 0.036598002109648545, -0.0005475253359457955]
  # distortion: k1 k2 r1 r2
  distortion_model: radtan
  intrinsics: [610.1335559441417, 613.5861937618225, 322.7614324987148, 283.97258711268006]
  # intrinsics: fu fv pu pv
  resolution: [640, 480]
  rostopic: /camera/camera/color/image_raw
  timeshift_cam_imu: 0.014187015439599037
