cam0:
  T_cam_imu:
  - [0.9999890494210157, 0.0020742962439658824, -0.004195036727409601, 0.005531106719687354]
  - [-0.0020974012604044003, 0.9999826157125995, -0.00551082394377236, -0.005254894478980169]
  - [0.004183532718277754, 0.00551956227237901, 0.9999760159555404, -0.017419032258300406]
  - [0.0, 0.0, 0.0, 1.0]
  cam_overlaps: [1]
  camera_model: pinhole
  distortion_coeffs: [0.014940670767047744, -0.004839561248076046, -0.00100571189716475, 0.00282766468936359]
  distortion_model: radtan
  intrinsics: [387.7393479643833, 387.90330084990177, 323.22455000335424, 239.99773535687646]
  resolution: [640, 480]
  rostopic: /camera/camera/infra1/image_rect_raw
  timeshift_cam_imu: 0.004223937496377362
cam1:
  T_cam_imu:
  - [0.9999873273228701, 0.0025116589160835636, 0.004363113928396563, -0.04451269964144501]
  - [-0.002481425866748942, 0.9999729715734271, -0.0069208849345724615, -0.005249125373469275]
  - [-0.004380378902645228, 0.006909970484670737, 0.9999665317342227, -0.017443019197057527]
  - [0.0, 0.0, 0.0, 1.0]
  T_cn_cnm1:
  - [0.9999632833841346, 0.0003901962192616826, 0.008560352242790737, -0.04989243978579375]
  - [-0.00037812514821012385, 0.999998932080042, -0.0014116869827665909, -1.6735276839055384e-05]
  - [-0.008560893935943231, 0.001408398265937394, 0.9999623630463956, 3.0109664181537533e-05]
  - [0.0, 0.0, 0.0, 1.0]
  cam_overlaps: [0]
  camera_model: pinhole
  distortion_coeffs: [0.01839345204765405, -0.008529124596614946, -0.0009112556003527015, 0.0022168063306052042]
  distortion_model: radtan
  intrinsics: [388.27546681632145, 388.0252070118324, 320.33991509347624, 240.6148273326411]
  resolution: [640, 480]
  rostopic: /camera/camera/infra2/image_rect_raw
  timeshift_cam_imu: 0.004295236799573359
